-0.0195312
0.0195312
0.0585938
0.0976562
0.136719
0.175781
0.214844
0.253906
0.292969
0.332031
0.371094
0.410156
0.449219
0.488281
0.527344
0.566406
0.605469
0.644531
0.683594
0.722656
0.761719
0.800781
0.839844
0.878906
0.917969
0.957031
0.996094
1.03516
1.07422
1.11328
1.15234
1.19141
1.23047
1.26953
1.30859
1.34766
1.38672
1.42578
1.46484
1.50391
1.54297
1.58203
1.62109
1.66016
1.69922
1.73828
1.77734
1.81641
1.85547
1.89453
1.93359
1.97266
2.01172
2.05078
2.08984
2.12891
2.16797
2.20703
2.24609
2.28516
2.32422
2.36328
2.40234
2.44141
2.48047
2.51953
2.55859
2.59766
2.63672
2.67578
2.71484
2.75391
2.79297
2.83203
2.87109
2.91016
2.94922
2.98828
3.02734
3.06641
3.10547
3.14453
3.18359
3.22266
3.26172
3.30078
3.33984
3.37891
3.41797
3.45703
3.49609
3.53516
3.57422
3.61328
3.65234
3.69141
3.73047
3.76953
3.80859
3.84766
3.88672
3.92578
3.96484
4.00391
4.04297
4.08203
4.12109
4.16016
4.19922
4.23828
4.27734
4.31641
4.35547
4.39453
4.43359
4.47266
4.51172
4.55078
4.58984
4.62891
4.66797
4.70703
4.74609
4.78516
4.82422
4.86328
4.90234
4.94141
4.98047
5.01953
