-0.0245313
0.0245313
0.0735937
0.122656
0.171719
0.220781
0.269844
0.318906
0.367969
0.417031
0.466094
0.515156
0.564219
0.613281
0.662344
0.711406
0.760469
0.809531
0.858594
0.907656
0.956719
1.00578
1.05484
1.10391
1.15297
1.20203
1.25109
1.30016
1.34922
1.39828
1.44734
1.49641
1.54547
1.59453
1.64359
1.69266
1.74172
1.79078
1.83984
1.88891
1.93797
1.98703
2.03609
2.08516
2.13422
2.18328
2.23234
2.28141
2.33047
2.37953
2.42859
2.47766
2.52672
2.57578
2.62484
2.67391
2.72297
2.77203
2.82109
2.87016
2.91922
2.96828
3.01734
3.06641
3.11547
3.16453
3.21359
3.26266
3.31172
3.36078
3.40984
3.45891
3.50797
3.55703
3.60609
3.65516
3.70422
3.75328
3.80234
3.85141
3.90047
3.94953
3.99859
4.04766
4.09672
4.14578
4.19484
4.24391
4.29297
4.34203
4.39109
4.44016
4.48922
4.53828
4.58734
4.63641
4.68547
4.73453
4.78359
4.83266
4.88172
4.93078
4.97984
5.02891
5.07797
5.12703
5.17609
5.22516
5.27422
5.32328
5.37234
5.42141
5.47047
5.51953
5.56859
5.61766
5.66672
5.71578
5.76484
5.81391
5.86297
5.91203
5.96109
6.01016
6.05922
6.10828
6.15734
6.20641
6.25547
6.30453
