0
1.40304
1.47449
1.52264
1.58019
1.61685
1.66508
1.69394
1.73579
1.75921
1.7966
1.81614
1.85033
1.86702
1.89886
1.91337
1.94342
1.95623
1.9849
1.99633
2.02389
2.03419
2.06084
2.07017
2.09606
2.10455
2.12981
2.13756
2.16227
2.16935
2.1936
2.20008
2.22391
2.22984
2.25331
2.25873
2.28189
2.28683
2.30971
2.31421
2.33685
2.34093
2.36335
2.36703
2.38927
2.39257
2.41465
2.41758
2.43952
2.4421
2.46392
2.46616
2.48788
2.48979
2.51143
2.51301
2.53459
2.53586
2.55739
2.55834
2.57984
2.58047
2.60197
2.60229
2.62379
0
0.976162
1.02384
1.07598
1.11111
1.15311
1.17987
1.21506
1.23612
1.26665
1.28375
1.31103
1.32529
1.35024
1.36242
1.38565
1.39624
1.41817
1.42752
1.44844
1.45678
1.47689
1.48441
1.50385
1.51066
1.52956
1.53575
1.55419
1.55984
1.57787
1.58304
1.60073
1.60546
1.62285
1.62718
1.64431
1.64826
1.66516
1.66877
1.68546
1.68875
1.70527
1.70825
1.72461
1.7273
1.74352
1.74593
1.76204
1.76418
1.78019
1.78207
1.798
1.79963
1.81548
1.81687
1.83266
1.83382
1.84957
1.85049
1.8662
1.86689
1.88259
1.88305
1.89873
1.89897
1.91466
1.91466
1.00195
0.998047
1.00457
1.00464
1.01425
1.01662
1.028
1.03162
1.04397
1.04822
1.06103
1.06553
1.07853
1.08305
1.09605
1.10047
1.11338
1.11761
1.13039
1.13441
1.14702
1.1508
1.16325
1.1668
1.17908
1.18239
1.19451
1.1976
1.20957
1.21244
1.22428
1.22693
1.23865
1.24111
1.25271
1.25497
1.26647
1.26855
1.27996
1.28186
1.29318
1.29492
1.30617
1.30774
1.31893
1.32034
1.33147
1.33273
1.34381
1.34492
1.35595
1.35692
1.36792
1.36874
1.37971
1.38039
1.39134
1.39188
1.40281
1.40322
1.41413
1.4144
1.42532
1.42545
1.43636
1.43636
1.00138
0.998623
1.00139
0.998766
1.00178
0.999435
1.00279
1.00079
1.00452
1.00286
1.00696
1.00563
1.01006
1.00902
1.01376
1.01298
1.01798
1.01742
1.02265
1.02227
1.0277
1.02747
1.03307
1.03296
1.0387
1.03869
1.04454
1.04461
1.05057
1.0507
1.05674
1.05691
1.06302
1.06323
1.0694
1.06963
1.07585
1.07609
1.08235
1.0826
1.08889
1.08914
1.09546
1.0957
1.10205
1.10228
1.10865
1.10887
1.11526
1.11545
1.12186
1.12204
1.12845
1.12861
1.13503
1.13516
1.1416
1.14171
1.14815
1.14823
1.15468
1.15473
1.16118
1.16121
1.16767
1.16767
1.00081
0.999192
1.00081
0.999192
1.00081
0.999209
1.00085
0.999266
1.00094
0.99939
1.0011
0.999603
1.00137
0.999925
1.00175
1.00037
1.00226
1.00095
1.00291
1.00167
1.0037
1.00253
1.00463
1.00354
1.0057
1.00468
1.00692
1.00597
1.00827
1.00739
1.00976
1.00894
1.01137
1.01062
1.0131
1.01241
1.01494
1.01431
1.01689
1.01632
1.01894
1.01843
1.02109
1.02063
1.02333
1.02291
1.02564
1.02528
1.02804
1.02772
1.03051
1.03023
1.03304
1.0328
1.03564
1.03544
1.03829
1.03814
1.041
1.04088
1.04375
1.04368
1.04656
1.04652
1.0494
1.0494
1.0004
0.999603
1.00039
0.999606
1.00039
0.999609
1.00039
0.999613
1.00039
0.99962
1.00039
0.999633
1.0004
0.999654
1.00042
0.999687
1.00045
0.999734
1.0005
0.9998
1.00057
0.999888
1.00066
1
1.00078
1.00014
1.00093
1.00031
1.00111
1.00052
1.00132
1.00076
1.00156
1.00103
1.00185
1.00134
1.00217
1.0017
1.00253
1.00209
1.00294
1.00253
1.00338
1.003
1.00386
1.00352
1.00439
1.00407
1.00495
1.00467
1.00556
1.00531
1.0062
1.00599
1.00689
1.00671
1.00761
1.00747
1.00837
1.00827
1.00917
1.0091
1.01001
1.00998
1.01089
1.01089
1.00016
0.999844
1.00015
0.999847
1.00015
0.999849
1.00015
0.999852
1.00015
0.999855
1.00014
0.999859
1.00014
0.999862
1.00014
0.999866
1.00014
0.999872
1.00014
0.999878
1.00014
0.999887
1.00014
0.999898
1.00015
0.999912
1.00016
0.999929
1.00017
0.999951
1.00019
0.999977
1.00021
1.00001
1.00024
1.00005
1.00027
1.00009
1.00031
1.00015
1.00037
1.00021
1.00042
1.00028
1.00049
1.00036
1.00057
1.00045
1.00066
1.00055
1.00076
1.00066
1.00087
1.00079
1.00099
1.00092
1.00113
1.00107
1.00128
1.00123
1.00144
1.00141
1.00161
1.0016
1.0018
1.0018
1.00005
0.999952
1.00005
0.999953
1.00005
0.999955
1.00004
0.999956
1.00004
0.999958
1.00004
0.999959
1.00004
0.999961
1.00004
0.999962
1.00004
0.999964
1.00004
0.999965
1.00003
0.999967
1.00003
0.999969
1.00003
0.999971
1.00003
0.999973
1.00003
0.999976
1.00003
0.999979
1.00003
0.999982
1.00003
0.999986
1.00004
0.999991
1.00004
0.999997
1.00004
1
1.00005
1.00001
1.00005
1.00002
1.00006
1.00003
1.00007
1.00004
1.00008
1.00006
1.0001
1.00008
1.00011
1.00009
1.00013
1.00012
1.00015
1.00014
1.00017
1.00017
1.0002
1.00019
1.00023
1.00023
1.00001
0.999988
1.00001
0.999989
1.00001
0.999989
1.00001
0.99999
1.00001
0.99999
1.00001
0.999991
1.00001
0.999991
1.00001
0.999992
1.00001
0.999992
1.00001
0.999993
1.00001
0.999993
1.00001
0.999994
1.00001
0.999994
1.00001
0.999995
1.00001
0.999995
1.00001
0.999996
1.00001
0.999996
1.00001
0.999997
1.00001
0.999997
1.00001
0.999998
1.00001
0.999999
1.00001
0.999999
1.00001
1
1.00001
1
1.00001
1
1.00001
1
1.00001
1.00001
1.00001
1.00001
1.00001
1.00001
1.00001
1.00001
1.00002
1.00002
1.00002
1.00002
1.00002
1.00002
1
0.999998
1
0.999998
1
0.999998
1
0.999998
1
0.999998
1
0.999998
1
0.999999
1
0.999999
1
0.999999
1
0.999999
1
0.999999
1
0.999999
1
0.999999
1
0.999999
1
1
1
1
1
1
1
1
1
1
1
1
1
1
1
1
1
1
1
1
1
1
1
1
1
1
1
1
1
1
1
1
1
1
1
1
1
1
1
1
1
1
1
1
1
1
1
1
1
1
1
1
1
1
1
1
1
1
1
1
1
1
1
1
1
1
1
1
1
1
1
1
1
1
1
1
1
1
1
1
1
1
1
1
1
1
1
1
1
1
1
1
1
1
1
1
1
1
1
1
1
1
1
1
1
1
1
1
1
1
1
1
1
1
1
1
1
1
1
1
1
1
1
1
1
1
1
1
1
1
1
1
1
1
1
1
1
1
1
1
1
1
1
1
1
1
1
1
1
1
1
1
1
1
1
1
1
1
1
1
1
1
1
1
1
1
1
1
1
1
1
1
1
1
1
1
1
1
1
1
1
1
1
1
1
1
1
1
1
1
1
1
1
1
1
1
1
1
1
1
1
1
1
1
1
1
1
1
1
1
1
1
1
1
1
1
1
1
1
1
1
1
1
1
1
1
1
1
1
1
1
1
1
1
1
1
1
1
1
1
1
1
1
1
1
1
1
1
1
1
1
1
1
1
1
1
1
1
1
1
1
1
1
1
1
1
1
1
1
1
1
1
1
1
1
1
1
1
1
1
1
1
1
1
1
1
1
1
1
1
1
1
1
1
1
1
1
1
1
1
1
1
1
1
1
1
1
1
1
1
1
1
1
1
1
1
1
1
1
1
1
1
1
1
1
1
1
1
1
1
1
1
1
1
1
1
1
1
1
1
1
1
1
1
1
1
1
1
1
1
1
1
1
1
1
1
1
1
1
1
1
1
1
1
1
1
1
1
1
1
1
1
1
1
1
1
1
1
1
1
1
1
1
1
1
1
1
1
1
1
1
1
1
1
1
1
1
1
1
1
1
1
1
1
1
1
1
1
1
1
1
1
1
1
1
1
1
1
1
1
1
1
1
1
1
1
1
1
1
1
1
1
1
1
1
1
1
1
1
1
1
1
1
1
1
1
1
1
1
1
1
1
1
1
1
1
1
1
1
1
1
1
1
1
1
1
1
1
1
1
1
1
1
1
1
1
1
1
1
1
1
1
1
1
1
1
1
1
1
1
1
1
1
1
1
1
1
1
1
1
1
1
1
1
1
1
1
1
1
1
1
1
1
1
1
1
1
1
1
1
1
1
1
1
1
1
1
1
1
1
1
1
1
1
1
1
1
1
1
1
1
1
1
1
1
1
1
1
1
1
1
1
1
1
1
1
1
1
1
1
1
1
1
1
1
1
1
1
1
1
1
1
1
1
1
1
1
1
1
1
1
1
1
1
1
1
1
1
1
1
1
1
1
1
1
1
1
1
1
1
1
1
1
1
1
1
1
1
1
1
1
1
1
1
1
1
1
1
1
1
1
1
1
1
1
1
1
1
1
1
1
1
1
1
1
1
1
1
1
1
1
1
1
1
1
1
1
1
1
1
1
1
1
1
1
1
1
1
1
1
1
1
1
1
1
1
1
1
1
1
1
1
1
1
1
1
1
1
1
1
1
1
1
1
1
1
1
1
1
1
1
1
1
1
1
1
1
1
1
1
1
1
1
1
1
1
1
1
1
1
1
1
1
1
1
1
1
1
1
1
1
1
1
1
1
1
1
1
1
1
1
1
1
1
1
1
1
1
1
1
1
1
1
1
1
1
1
1
1
1
1
1
1
1
1
1
1
1
1
1
1
1
1
1
1
1
1
1
1
1
1
1
1
1
1
1
1
1
1
1
1
1
1
1
1
1
1
1
1
1
1
1
1
1
1
1
1
1
1
1
1
1
1
1
1
1
1
1
1
1
1
1
1
1
1
1
1
1
1
1
1
1
1
1
1
1
1
1
1
1
1
1
1
1
1
1
1
1
1
1
1
1
1
1
1
1
1
1
1
1
1
1
1
1
1
1
1
1
1
1
1
1
1
1
1
1
1
1
1
1
1
1
1
1
1
1
1
1
1
1
1
1
1
1
1
1
1
1
1
1
1
1
1
1
1
1
1
1
1
1
1
1
1
1
1
1
1
1
1
1
1
1
1
1
1
1
1
1
1
1
1
1
1
1
1
1
1
1
1
1
1
1
1
1
1
1
1
1
1
1
1
1
1
1
1
1
1
1
1
1
1
1
1
1
1
1
1
1
1
1
1
1
1
1
1
1
1
1
1
1
1
1
1
1
1
1
1
1
1
1
1
1
1
1
1
1
1
1
1
1
1
1
1
1
1
1
1
1
1
1
1
1
1
1
1
1
1
1
1
1
1
1
1
1
1
1
1
1
1
1
1
1
1
1
1
1
1
1
1
1
1
1
1
1
1
1
1
1
1
1
1
1
1
1
1
1
1
1
1
1
1
1
1
1
1
1
1
1
1
1
1
1
1
1
1
1
1
1
1
1
1
1
1
1
1
1
1
1
1
1
1
1
1
1
1
1
1
1
1
1
1
1
1
1
1
1
1
1
1
1
1
1
1
1
1
1
1
1
1
1
1
1
1
1
1
1
1
1
1
1
1
1
1
1
1
1
1
1
1
1
1
1
1
1
1
1
1
1
1
1
1
1
1
1
1
1
1
1
1
1
1
1
1
1
1
1
1
1
1
1
1
1
1
1
1
1
1
1
1
1
1
1
1
1
1
1
1
1
1
1
1
1
1
1
1
1
1
1
1
1
1
1
1
1
1
1
1
1
1
1
1
1
1
1
1
1
1
1
1
1
1
1
1
1
1
1
1
1
1
1
1
1
1
1
1
1
1
1
1
1
1
1
1
1
1
1
1
1
1
1
1
1
1
1
1
1
1
1
1
1
1
1
1
1
1
1
1
1
1
1
1
1
1
1
1
1
1
1
1
1
1
1
1
1
1
1
1
1
1
1
1
1
1
1
1
1
1
1
1
1
1
1
1
1
1
1
1
1
1
1
1
1
1
1
1
1
1
1
1
1
1
1
1
1
1
1
1
1
1
1
1
1
1
1
1
1
1
1
1
1
1
1
1
1
1
1
1
1
1
1
1
1
1
1
1
1
1
1
1
1
1
1
1
1
1
1
1
1
1
1
1
1
1
1
1
1
1
1
1
1
1
1
1
1
1
1
1
1
1
1
1
1
1
1
1
1
1
1
1
1
1
1
1
1
1
1
1
1
1
1
1
1
1
1
1
1
1
1
1
1
1
1
1
1
1
1
1
1
1
1
1
1
1
1
1
1
1
1
1
1
1
1
1
1
1
1
1
1
1
1
1
1
1
1
1
1
1
1
1
1
1
1
1
1
1
1
1
1
1
1
1
1
1
1
1
1
1
1
1
1
1
1
1
1
1
1
1
1
1
1
1
1
1
1
1
1
1
1
1
1
1
1
1
1
1
1
1
1
1
1
1
1
1
1
1
1
1
1
1
1
1
1
1
1
1
1
1
1
1
1
1
1
1
1
1
1
1
1
1
1
1
1
1
1
1
1
1
1
1
1
1
1
1
1
1
1
1
1
1
1
1
1
1
1
1
1
1
1
1
1
1
1
1
1
1
1
1
1
1
1
1
1
1
1
1
1
1
1
1
1
1
1
1
1
1
1
1
1
1
1
1
1
1
1
1
1
1
1
1
1
1
1
1
1
1
1
1
1
1
1
1
1
1
1
1
1
1
1
1
1
1
1
1
1
1
1
1
1
1
1
1
1
1
1
1
1
1
1
1
1
1
1
1
1
1
1
1
1
1
1
1
1
1
1
1
1
1
1
1
1
1
1
1
1
1
1
1
1
1
1
1
1
1
1
1
1
1
1
1
1
1
1
1
1
1
1
1
1
1
1
1
1
1
1
1
1
1
1
1
1
1
1
1
1
1
1
1
1
1
1
1
1
1
1
1
1
1
1
1
1
1
1
1
1
1
1
1
1
1
1
1
1
1
1
1
1
1
1
1
1
1
1
1
1
1
1
1
1
1
1
1
1
1
1
1
1
1
1
1
1
1
1
1
1
1
1
1
1
1
1
1
1
1
1
1
1
1
1
1
1
1
1
1
1
1
1
1
1
1
1
1
1
1
1
1
1
1
1
1
1
1
1
1
1
1
1
1
1
1
1
1
1
1
1
1
1
1
1
1
1
1
1
1
1
1
1
1
1
1
1
1
1
1
1
1
1
1
1
1
1
1
1
1
1
1
1
1
1
1
1
1
1
1
1
1
1
1
1
1
1
1
1
1
1
1
1
1
1
1
1
1
1
1
1
1
1
1
1
1
1
1
1
1
1
1
1
1
1
1
1
1
1
1
1
1
1
1
1
1
1
1
1
1
1
1
1
1
1
1
1
1
1
1
1
1
1
1
1
1
1
1
1
1
1
1
1
1
1
1
1
1
1
1
1
1
1
1
1
1
1
1
1
1
1
1
1
1
1
1
1
1
1
1
1
1
1
1
1
1
1
1
1
1
1
1
1
1
1
1
1
1
1
1
1
1
1
1
1
1
1
1
1
1
1
1
1
1
1
1
1
1
1
1
1
1
1
1
1
1
1
1
1
1
1
1
1
1
1
1
1
1
1
1
1
1
1
1
1
1
1
1
1
1
1
1
1
1
1
1
1
1
1
1
1
1
1
1
1
1
1
1
1
1
1
1
1
1
1
1
1
1
1
1
1
1
1
1
1
1
1
1
1
1
1
1
1
1
1
1
1
1
1
1
1
1
1
1
1
1
1
1
1
1
1
1
1
1
1
1
1
1
1
1
1
1
1
1
1
1
1
1
1
1
1
1
1
1
1
1
1
1
1
1
1
1
1
1
1
1
1
1
1
1
1
1
1
1
1
1
1
1
1
1
1
1
1
1
1
1
1
1
1
1
1
1
1
1
1
1
1
1
1
1
1
1
1
1
1
1
1
1
1
1
1
1
1
1
1
1
1
1
1
1
1
1
1
1
1
1
1
1
1
1
1
1
1
1
1
1
1
1
1
1
1
1
1
1
1
1
1
1
1
1
1
1
1
1
1
1
1
1
1
1
1
1
1
1
1
1
1
1
1
1
1
1
1
1
1
1
1
1
1
1
1
1
1
1
1
1
1
1
1
1
1
1
1
1
1
1
1
1
1
1
1
1
1
1
1
1
1
1
1
1
1
1
1
1
1
1
1
1
1
1
1
1
1
1
1
1
1
1
1
1
1
1
1
1
1
1
1
1
1
1
1
1
1
1
1
1
1
1
1
1
1
1
1
1
1
1
1
1
1
1
1
1
1
1
1
1
1
1
1
1
1
1
1
1
1
1
1
1
1
1
1
1
1
1
1
1
1
1
1
1
1
1
1
1
1
1
1
1
1
1
1
1
1
1
1
1
1
1
1
1
1
1
1
1
1
1
1
1
1
1
1
1
1
1
1
1
1
1
1
1
1
1
1
1
1
1
1
1
1
1
1
1
1
1
1
1
1
1
1
1
1
1
1
1
1
1
1
1
1
1
1
1
1
1
1
1
1
1
1
1
1
1
1
1
1
1
1
1
1
1
1
1
1
1
1
1
1
1
1
1
1
1
1
1
1
1
1
1
1
1
1
1
1
1
1
1
1
1
1
1
1
1
1
1
1
1
1
1
1
1
1
1
1
1
1
1
1
1
1
1
1
1
1
1
1
1
1
1
1
1
1
1
1
1
1
1
1
1
1
1
1
1
1
1
1
1
1
1
1
1
1
1
1
1
1
1
1
1
1
1
1
1
1
1
1
1
1
1
1
1
1
1
1
1
1
1
1
1
1
1
1
1
1
1
1
1
1
1
1
1
1
1
1
1
1
1
1
1
1
1
1
1
1
1
1
1
1
1
1
1
1
1
1
1
1
1
1
1
1
1
1
1
1
1
1
1
1
1
1
1
1
1
1
1
1
1
1
1
1
1
1
1
1
1
1
1
1
1
1
1
1
1
1
1
1
1
1
1
1
1
1
1
1
1
1
1
1
1
1
1
1
1
1
1
1
1
1
1
1
1
1
1
1
1
1
1
1
1
1
1
1
1
1
1
1
1
1
1
1
1
1
1
1
1
1
1
1
1
1
1
1
1
1
1
1
1
1
1
1
1
1
1
1
1
1
1
1
1
1
1
1
1
1
1
1
1
1
1
1
1
1
1
1
1
1
1
1
1
1
1
1
1
1
1
1
1
1
1
1
1
1
1
1
1
1
1
1
1
1
1
1
1
1
1
1
1
1
1
1
1
1
1
1
1
1
1
1
1
1
1
1
1
1
1
1
1
1
1
1
1
1
1
1
1
1
1
1
1
1
1
1
1
1
1
1
1
1
1
1
1
1
1
1
1
1
1
1
1
1
1
1
1
1
1
1
1
1
1
1
1
1
1
1
1
1
1
1
1
1
1
1
1
1
1
1
1
1
1
1
1
1
1
1
1
1
1
1
1
1
1
1
1
1
1
1
1
1
1
1
1
1
1
1
1
1
1
1
1
1
1
1
1
1
1
1
1
1
1
1
1
1
1
1
1
1
1
1
1
1
1
1
1
1
1
1
1
1
1
1
1
1
1
1
1
1
1
1
1
1
1
1
1
1
1
1
1
1
1
1
1
1
1
1
1
1
1
1
1
1
1
1
1
1
1
1
1
1
1
1
1
1
1
1
1
1
1
1
1
1
1
1
1
1
1
1
1
1
1
1
1
1
1
1
1
1
1
1
1
1
1
1
1
1
1
1
1
1
1
1
1
1
1
1
1
1
1
1
1
1
1
1
1
1
1
1
1
1
1
1
1
1
1
1
1
1
1
1
1
1
1
1
1
1
1
1
1
1
1
1
1
1
1
1
1
1
1
1
1
1
1
1
1
1
1
1
1
1
1
1
1
1
1
1
1
1
1
1
1
1
1
1
1
1
1
1
1
1
1
1
1
1
1
1
1
1
1
1
1
1
1
1
1
1
1
1
1
1
1
1
1
1
1
1
1
1
1
1
1
1
1
1
1
0.999998
1
0.999998
1
0.999998
1
0.999998
1
0.999998
1
0.999998
1
0.999999
1
0.999999
1
0.999999
1
0.999999
1
0.999999
1
0.999999
1
0.999999
1
0.999999
1
1
1
1
1
1
1
1
1
1
1
1
1
1
1
1
1
1
1
1
1
1
1
1
1
1
1
1
1
1
1
1
1
1
1
1
1
1
1.00001
0.999988
1.00001
0.999989
1.00001
0.999989
1.00001
0.99999
1.00001
0.99999
1.00001
0.999991
1.00001
0.999991
1.00001
0.999992
1.00001
0.999992
1.00001
0.999993
1.00001
0.999993
1.00001
0.999994
1.00001
0.999994
1.00001
0.999995
1.00001
0.999995
1.00001
0.999996
1.00001
0.999996
1.00001
0.999997
1.00001
0.999997
1.00001
0.999998
1.00001
0.999999
1.00001
0.999999
1.00001
1
1.00001
1
1.00001
1
1.00001
1
1.00001
1.00001
1.00001
1.00001
1.00001
1.00001
1.00001
1.00001
1.00002
1.00002
1.00002
1.00002
1.00002
1.00002
1.00005
0.999952
1.00005
0.999953
1.00005
0.999955
1.00004
0.999956
1.00004
0.999958
1.00004
0.999959
1.00004
0.999961
1.00004
0.999962
1.00004
0.999964
1.00004
0.999965
1.00003
0.999967
1.00003
0.999969
1.00003
0.999971
1.00003
0.999973
1.00003
0.999976
1.00003
0.999979
1.00003
0.999982
1.00003
0.999986
1.00004
0.999991
1.00004
0.999997
1.00004
1
1.00005
1.00001
1.00005
1.00002
1.00006
1.00003
1.00007
1.00004
1.00008
1.00006
1.0001
1.00008
1.00011
1.00009
1.00013
1.00012
1.00015
1.00014
1.00017
1.00017
1.0002
1.00019
1.00023
1.00023
1.00016
0.999844
1.00015
0.999847
1.00015
0.999849
1.00015
0.999852
1.00015
0.999855
1.00014
0.999859
1.00014
0.999862
1.00014
0.999866
1.00014
0.999872
1.00014
0.999878
1.00014
0.999887
1.00014
0.999898
1.00015
0.999912
1.00016
0.999929
1.00017
0.999951
1.00019
0.999977
1.00021
1.00001
1.00024
1.00005
1.00027
1.00009
1.00031
1.00015
1.00037
1.00021
1.00042
1.00028
1.00049
1.00036
1.00057
1.00045
1.00066
1.00055
1.00076
1.00066
1.00087
1.00079
1.00099
1.00092
1.00113
1.00107
1.00128
1.00123
1.00144
1.00141
1.00161
1.0016
1.0018
1.0018
1.0004
0.999603
1.00039
0.999606
1.00039
0.999609
1.00039
0.999613
1.00039
0.99962
1.00039
0.999633
1.0004
0.999654
1.00042
0.999687
1.00045
0.999734
1.0005
0.9998
1.00057
0.999888
1.00066
1
1.00078
1.00014
1.00093
1.00031
1.00111
1.00052
1.00132
1.00076
1.00156
1.00103
1.00185
1.00134
1.00217
1.0017
1.00253
1.00209
1.00294
1.00253
1.00338
1.003
1.00386
1.00352
1.00439
1.00407
1.00495
1.00467
1.00556
1.00531
1.0062
1.00599
1.00689
1.00671
1.00761
1.00747
1.00837
1.00827
1.00917
1.0091
1.01001
1.00998
1.01089
1.01089
1.00081
0.999192
1.00081
0.999192
1.00081
0.999209
1.00085
0.999266
1.00094
0.99939
1.0011
0.999603
1.00137
0.999925
1.00175
1.00037
1.00226
1.00095
1.00291
1.00167
1.0037
1.00253
1.00463
1.00354
1.0057
1.00468
1.00692
1.00597
1.00827
1.00739
1.00976
1.00894
1.01137
1.01062
1.0131
1.01241
1.01494
1.01431
1.01689
1.01632
1.01894
1.01843
1.02109
1.02063
1.02333
1.02291
1.02564
1.02528
1.02804
1.02772
1.03051
1.03023
1.03304
1.0328
1.03564
1.03544
1.03829
1.03814
1.041
1.04088
1.04375
1.04368
1.04656
1.04652
1.0494
1.0494
1.00138
0.998623
1.00139
0.998766
1.00178
0.999435
1.00279
1.00079
1.00452
1.00286
1.00696
1.00563
1.01006
1.00902
1.01376
1.01298
1.01798
1.01742
1.02265
1.02227
1.0277
1.02747
1.03307
1.03296
1.0387
1.03869
1.04454
1.04461
1.05057
1.0507
1.05674
1.05691
1.06302
1.06323
1.0694
1.06963
1.07585
1.07609
1.08235
1.0826
1.08889
1.08914
1.09546
1.0957
1.10205
1.10228
1.10865
1.10887
1.11526
1.11545
1.12186
1.12204
1.12845
1.12861
1.13503
1.13516
1.1416
1.14171
1.14815
1.14823
1.15468
1.15473
1.16118
1.16121
1.16767
1.16767
1.00195
0.998047
1.00457
1.00464
1.01425
1.01662
1.028
1.03162
1.04397
1.04822
1.06103
1.06553
1.07853
1.08305
1.09605
1.10047
1.11338
1.11761
1.13039
1.13441
1.14702
1.1508
1.16325
1.1668
1.17908
1.18239
1.19451
1.1976
1.20957
1.21244
1.22428
1.22693
1.23865
1.24111
1.25271
1.25497
1.26647
1.26855
1.27996
1.28186
1.29318
1.29492
1.30617
1.30774
1.31893
1.32034
1.33147
1.33273
1.34381
1.34492
1.35595
1.35692
1.36792
1.36874
1.37971
1.38039
1.39134
1.39188
1.40281
1.40322
1.41413
1.4144
1.42532
1.42545
1.43636
1.43636
0.976162
1.02384
1.07598
1.11111
1.15311
1.17987
1.21506
1.23612
1.26665
1.28375
1.31103
1.32529
1.35024
1.36242
1.38565
1.39624
1.41817
1.42752
1.44844
1.45678
1.47689
1.48441
1.50385
1.51066
1.52956
1.53575
1.55419
1.55984
1.57787
1.58304
1.60073
1.60546
1.62285
1.62718
1.64431
1.64826
1.66516
1.66877
1.68546
1.68875
1.70527
1.70825
1.72461
1.7273
1.74352
1.74593
1.76204
1.76418
1.78019
1.78207
1.798
1.79963
1.81548
1.81687
1.83266
1.83382
1.84957
1.85049
1.8662
1.86689
1.88259
1.88305
1.89873
1.89897
1.91466
1.91466
0
1.40304
1.47449
1.52264
1.58019
1.61685
1.66508
1.69394
1.73579
1.75921
1.7966
1.81614
1.85033
1.86702
1.89886
1.91337
1.94342
1.95623
1.9849
1.99633
2.02389
2.03419
2.06084
2.07017
2.09606
2.10455
2.12981
2.13756
2.16227
2.16935
2.1936
2.20008
2.22391
2.22984
2.25331
2.25873
2.28189
2.28683
2.30971
2.31421
2.33685
2.34093
2.36335
2.36703
2.38927
2.39257
2.41465
2.41758
2.43952
2.4421
2.46392
2.46616
2.48788
2.48979
2.51143
2.51301
2.53459
2.53586
2.55739
2.55834
2.57984
2.58047
2.60197
2.60229
2.62379
0
