-0.000390625
0.000390625
0.00117188
0.00195313
0.00273438
0.00351563
0.00429688
0.00507813
0.00585938
0.00664062
0.00742187
0.00820313
0.00898438
0.00976562
0.0105469
0.0113281
0.0121094
0.0128906
0.0136719
0.0144531
0.0152344
0.0160156
0.0167969
0.0175781
0.0183594
0.0191406
0.0199219
0.0207031
0.0214844
0.0222656
0.0230469
0.0238281
0.0246094
0.0253906
0.0261719
0.0269531
0.0277344
0.0285156
0.0292969
0.0300781
0.0308594
0.0316406
0.0324219
0.0332031
0.0339844
0.0347656
0.0355469
0.0363281
0.0371094
0.0378906
0.0386719
0.0394531
0.0402344
0.0410156
0.0417969
0.0425781
0.0433594
0.0441406
0.0449219
0.0457031
0.0464844
0.0472656
0.0480469
0.0488281
0.0496094
0.0503906
