0
-0.00240531
-0.00720821
-0.0119264
-0.0165451
-0.0209894
-0.025247
-0.0292465
-0.0329797
-0.0363806
-0.0394464
-0.0421178
-0.0443989
-0.0462379
-0.0476469
-0.0485828
-0.0490659
-0.0490624
-0.0486014
-0.0476583
-0.0462711
-0.0444243
-0.0421645
-0.0394847
-0.0364393
-0.0330292
-0.0293153
-0.0253054
-0.021066
-0.01661
-0.012008
-0.00727671
-0.00248918
0.00233606
0.00712514
0.0118593
0.0164658
0.0209274
0.0251743
0.0291923
0.0329162
0.0363366
0.0393943
0.0420861
0.0443599
0.0462201
0.0476225
0.0485798
0.0490567
0.0490746
0.0486075
0.0476856
0.0462922
0.0444661
0.0421995
0.0395396
0.0364867
0.0330953
0.0293731
0.0253807
0.0211317
0.0166918
0.012079
0.00736224
0.00256251
0
-0.00240534
0.00240534
0.00720769
0.0119259
0.0165441
0.0209885
0.0252456
0.0292452
0.0329779
0.0363789
0.0394443
0.0421159
0.0443965
0.0462358
0.0476444
0.0485806
0.0490634
0.0490601
0.0485988
0.0476561
0.0462686
0.0444223
0.0421623
0.039483
0.0364374
0.0330277
0.0293138
0.0253043
0.0210649
0.0166093
0.0120074
0.00727655
0.00248898
-0.00233574
-0.00712486
-0.0118585
-0.0164651
-0.0209262
-0.0251731
-0.0291907
-0.0329146
-0.0363346
-0.0393924
-0.0420839
-0.0443578
-0.0462176
-0.0476202
-0.0485772
-0.0490544
-0.049072
-0.0486052
-0.047683
-0.0462899
-0.0444637
-0.0421975
-0.0395375
-0.036485
-0.0330935
-0.0293717
-0.0253793
-0.0211308
-0.0166908
-0.0120785
-0.00736175
-0.0025625
0.0022498
-0.0071951
0.0071951
0.0215516
0.0356653
0.0494713
0.0627659
0.0754921
0.0874565
0.098615
0.108789
0.117952
0.125945
0.132762
0.138266
0.142475
0.145278
0.146718
0.146712
0.14533
0.142514
0.138362
0.132844
0.126083
0.118074
0.108964
0.0987702
0.0876616
0.0756745
0.0629946
0.0496734
0.0359094
0.0217648
0.00744597
-0.00697961
-0.021303
-0.0354564
-0.0492338
-0.0625724
-0.0752741
-0.0872866
-0.0984243
-0.10865
-0.117796
-0.125843
-0.132644
-0.138205
-0.1424
-0.145261
-0.146689
-0.146741
-0.145346
-0.142588
-0.138423
-0.132962
-0.126186
-0.118231
-0.109103
-0.0989612
-0.0878322
-0.0758929
-0.0631888
-0.0499114
-0.0361192
-0.0220141
-0.00766262
0.00672799
-0.0119152
0.0119152
0.0356887
0.059061
0.0819229
0.103939
0.125013
0.144826
0.163304
0.180152
0.195326
0.208562
0.21985
0.228965
0.235934
0.240576
0.242962
0.242952
0.240662
0.235999
0.229124
0.219986
0.20879
0.195527
0.180441
0.163561
0.145166
0.125316
0.104318
0.0822584
0.0594654
0.0360426
0.0123307
-0.0115574
-0.0352768
-0.0587143
-0.0815294
-0.103618
-0.124652
-0.144544
-0.162988
-0.179921
-0.195066
-0.208392
-0.219655
-0.228863
-0.235811
-0.240548
-0.242914
-0.242999
-0.24069
-0.236122
-0.229225
-0.220181
-0.20896
-0.195787
-0.180672
-0.163877
-0.145448
-0.125677
-0.104639
-0.082652
-0.0598125
-0.0364548
-0.0126891
0.0111413
-0.0165205
0.0165205
0.0494824
0.0818884
0.113586
0.144112
0.173331
0.200802
0.226421
0.249782
0.27082
0.289173
0.304823
0.317461
0.327124
0.333561
0.336868
0.336854
0.333679
0.327215
0.317682
0.305012
0.289489
0.2711
0.250183
0.226779
0.201273
0.173751
0.144637
0.114052
0.0824492
0.0499736
0.0170968
-0.0160241
-0.0489113
-0.0814074
-0.113041
-0.143666
-0.17283
-0.20041
-0.225983
-0.249461
-0.27046
-0.288936
-0.304553
-0.317319
-0.326953
-0.333521
-0.336801
-0.33692
-0.333717
-0.327384
-0.317822
-0.305281
-0.289724
-0.271459
-0.250503
-0.227216
-0.201664
-0.174251
-0.145082
-0.114597
-0.0829303
-0.0505447
-0.0175935
0.0154475
-0.0209669
0.0209669
0.0628001
0.103928
0.144157
0.182898
0.219981
0.254846
0.28736
0.317009
0.343709
0.367001
0.386863
0.402903
0.415167
0.423336
0.427533
0.427515
0.423486
0.415282
0.403183
0.387104
0.367402
0.344064
0.317517
0.287815
0.255444
0.220515
0.183565
0.144748
0.10464
0.0634236
0.0216983
-0.0203368
-0.0620752
-0.103317
-0.143465
-0.182333
-0.219345
-0.254349
-0.286804
-0.316601
-0.343252
-0.366701
-0.386521
-0.402723
-0.41495
-0.423285
-0.427448
-0.427598
-0.423535
-0.415497
-0.403361
-0.387445
-0.367701
-0.34452
-0.317924
-0.28837
-0.25594
-0.221149
-0.18413
-0.14544
-0.10525
-0.0641484
-0.0223287
0.0196051
-0.0252116
0.0252116
0.0755136
0.124968
0.173341
0.219925
0.264515
0.306438
0.345535
0.381186
0.413291
0.441299
0.465182
0.484468
0.499215
0.509038
0.514084
0.514064
0.509219
0.499353
0.484805
0.465471
0.441781
0.413718
0.381797
0.346081
0.307157
0.265157
0.220727
0.174052
0.125824
0.0762635
0.026091
-0.0244537
-0.074642
-0.124233
-0.172508
-0.219245
-0.263751
-0.30584
-0.344866
-0.380696
-0.412741
-0.440937
-0.46477
-0.484252
-0.498954
-0.508977
-0.513982
-0.514163
-0.509277
-0.499612
-0.485019
-0.465881
-0.44214
-0.414266
-0.382286
-0.346748
-0.307754
-0.26592
-0.221406
-0.174884
-0.126558
-0.0771349
-0.026849
0.023574
-0.0292137
0.0292137
0.0875007
0.144805
0.200857
0.254836
0.306504
0.355082
0.400385
0.441696
0.478897
0.51135
0.539025
0.561373
0.57846
0.589842
0.59569
0.595666
0.590052
0.578621
0.561763
0.53936
0.511909
0.479392
0.442404
0.401018
0.355916
0.307248
0.255765
0.201681
0.145797
0.0883696
0.0302327
-0.0283355
-0.0864906
-0.143954
-0.199892
-0.254048
-0.305618
-0.354389
-0.39961
-0.441127
-0.47826
-0.510932
-0.538547
-0.561122
-0.578158
-0.589772
-0.595572
-0.595782
-0.59012
-0.57892
-0.562011
-0.539835
-0.512325
-0.480027
-0.44297
-0.401791
-0.356607
-0.308132
-0.256552
-0.202645
-0.146647
-0.0893793
-0.031111
0.0273162
-0.0329348
0.0329348
0.0986459
0.163249
0.226441
0.287295
0.345544
0.40031
0.451384
0.497956
0.539895
0.576483
0.607682
0.632877
0.652141
0.664972
0.671565
0.671538
0.665209
0.652321
0.633316
0.60806
0.577112
0.540454
0.498754
0.452097
0.40125
0.346383
0.288343
0.22737
0.164367
0.0996256
0.0340836
-0.0319446
-0.0975072
-0.16229
-0.225353
-0.286406
-0.344546
-0.399529
-0.45051
-0.497315
-0.539177
-0.57601
-0.607144
-0.632594
-0.6518
-0.664893
-0.671431
-0.671668
-0.665285
-0.652659
-0.633596
-0.608596
-0.577582
-0.541169
-0.499392
-0.452969
-0.402029
-0.34738
-0.28923
-0.228456
-0.165326
-0.100764
-0.0350737
0.0307955
-0.036339
0.036339
0.108842
0.180123
0.249846
0.316991
0.38126
0.441687
0.498039
0.549425
0.5957
0.636069
0.670493
0.698292
0.719547
0.733705
0.740979
0.740949
0.733966
0.719746
0.698777
0.67091
0.636763
0.596316
0.550306
0.498827
0.442723
0.382186
0.318146
0.250871
0.181357
0.109923
0.0376065
-0.0352464
-0.107586
-0.179064
-0.248646
-0.31601
-0.380159
-0.440825
-0.497075
-0.548718
-0.594907
-0.635548
-0.669899
-0.69798
-0.719171
-0.733617
-0.740831
-0.741093
-0.73405
-0.720119
-0.699085
-0.671501
-0.637281
-0.597105
-0.55101
-0.499788
-0.443583
-0.383285
-0.319125
-0.25207
-0.182415
-0.111179
-0.038699
0.0339786
-0.0393935
0.0393935
0.117991
0.195264
0.270848
0.343636
0.413308
0.478814
0.539903
0.595609
0.645773
0.689535
0.726853
0.756988
0.78003
0.795378
0.803264
0.803232
0.795661
0.780247
0.757515
0.727305
0.690288
0.646441
0.596563
0.540757
0.479938
0.414311
0.344889
0.271958
0.196601
0.119163
0.0407677
-0.0382092
-0.116629
-0.194116
-0.269546
-0.342573
-0.412114
-0.47788
-0.538858
-0.594842
-0.644914
-0.68897
-0.726209
-0.75665
-0.779622
-0.795284
-0.803104
-0.803387
-0.795752
-0.780651
-0.757849
-0.727946
-0.69085
-0.647297
-0.597327
-0.541799
-0.48087
-0.415504
-0.34595
-0.273258
-0.197748
-0.120524
-0.0419519
0.0368348
-0.0420691
0.0420691
0.126005
0.208526
0.289243
0.366976
0.44138
0.511335
0.576573
0.636062
0.689633
0.736368
0.77622
0.808402
0.833009
0.8494
0.857821
0.857787
0.849702
0.83324
0.808964
0.776703
0.737172
0.690346
0.637081
0.577485
0.512535
0.442451
0.368313
0.29043
0.209954
0.127256
0.0435366
-0.0408043
-0.12455
-0.2073
-0.287854
-0.36584
-0.440104
-0.510337
-0.575457
-0.635243
-0.688716
-0.735765
-0.775532
-0.808041
-0.832574
-0.849299
-0.85765
-0.857953
-0.849799
-0.833672
-0.809322
-0.777387
-0.737772
-0.691261
-0.637897
-0.578598
-0.51353
-0.443724
-0.369447
-0.291818
-0.211179
-0.12871
-0.0448013
0.0393365
-0.04434
0.04434
0.132806
0.219782
0.304856
0.386785
0.465205
0.538936
0.607696
0.670396
0.726859
0.776116
0.81812
0.852039
0.877974
0.895249
0.904125
0.904089
0.895568
0.878217
0.852631
0.818629
0.776964
0.72761
0.67147
0.608657
0.540201
0.466334
0.388194
0.306107
0.221287
0.134126
0.0458867
-0.0430068
-0.131273
-0.21849
-0.303392
-0.385588
-0.463861
-0.537884
-0.60652
-0.669533
-0.725892
-0.77548
-0.817395
-0.851658
-0.877515
-0.895143
-0.903945
-0.904264
-0.89567
-0.878672
-0.853008
-0.81935
-0.777596
-0.728574
-0.672329
-0.60983
-0.54125
-0.467676
-0.389389
-0.30757
-0.222578
-0.135658
-0.0472196
0.0414599
-0.0461842
0.0461842
0.13833
0.228924
0.317536
0.402872
0.484554
0.561352
0.632972
0.69828
0.757091
0.808397
0.852148
0.887478
0.914492
0.932486
0.941731
0.941693
0.932817
0.914746
0.888095
0.852678
0.80928
0.757874
0.699399
0.633973
0.562669
0.485731
0.404341
0.318839
0.230491
0.139704
0.0477952
-0.0447956
-0.136734
-0.227578
-0.316011
-0.401625
-0.483154
-0.560257
-0.631747
-0.697381
-0.756084
-0.807735
-0.851393
-0.887082
-0.914014
-0.932375
-0.941543
-0.941875
-0.932924
-0.915219
-0.888487
-0.853429
-0.809939
-0.758878
-0.700294
-0.635195
-0.563762
-0.487128
-0.405585
-0.320363
-0.231836
-0.1413
-0.0491836
0.0431843
-0.0475842
0.0475842
0.142523
0.235863
0.327162
0.415084
0.499242
0.578368
0.652158
0.719446
0.78004
0.832901
0.877978
0.914379
0.942212
0.960751
0.970276
0.970237
0.961093
0.942473
0.915015
0.878525
0.833811
0.780847
0.720599
0.65319
0.579725
0.500454
0.416597
0.328503
0.237478
0.143939
0.049244
-0.0461534
-0.140878
-0.234476
-0.32559
-0.413799
-0.497799
-0.577239
-0.650896
-0.71852
-0.779002
-0.832219
-0.8772
-0.913971
-0.941719
-0.960637
-0.970083
-0.970425
-0.961203
-0.942961
-0.915419
-0.879298
-0.834489
-0.781881
-0.721521
-0.654449
-0.580851
-0.501894
-0.417879
-0.330073
-0.238863
-0.145583
-0.0506745
0.0444933
-0.0485263
0.0485263
0.145345
0.240533
0.333639
0.423302
0.509127
0.589819
0.665071
0.73369
0.795484
0.849392
0.895361
0.932483
0.960867
0.979773
0.989487
0.989447
0.980122
0.961133
0.933131
0.895919
0.85032
0.796307
0.734866
0.666122
0.591203
0.510363
0.424845
0.335007
0.24218
0.146789
0.050219
-0.0470672
-0.143667
-0.239119
-0.332036
-0.421992
-0.507655
-0.588668
-0.663783
-0.732746
-0.794426
-0.848696
-0.894568
-0.932066
-0.960365
-0.979656
-0.98929
-0.989639
-0.980234
-0.961631
-0.933543
-0.896708
-0.851012
-0.797361
-0.735807
-0.667406
-0.592351
-0.511831
-0.426153
-0.336609
-0.243592
-0.148466
-0.0516778
0.0453743
-0.0490016
0.0490016
0.146769
0.242888
0.336907
0.427448
0.514113
0.595596
0.671584
0.740876
0.803275
0.857711
0.90413
0.941616
0.970278
0.989369
0.999178
0.999138
0.989721
0.970547
0.94227
0.904693
0.858648
0.804106
0.742064
0.672646
0.596993
0.515361
0.429006
0.338288
0.244552
0.148226
0.0507108
-0.0475282
-0.145074
-0.241461
-0.335288
-0.426125
-0.512627
-0.594433
-0.670284
-0.739923
-0.802207
-0.857008
-0.903329
-0.941195
-0.96977
-0.989251
-0.998979
-0.999331
-0.989834
-0.971049
-0.942686
-0.90549
-0.859346
-0.805171
-0.743013
-0.673943
-0.598153
-0.516844
-0.430327
-0.339905
-0.245978
-0.14992
-0.0521839
0.0458187
-0.0490054
0.0490054
0.14678
0.242907
0.336933
0.427482
0.514153
0.595642
0.671637
0.740934
0.803338
0.857778
0.904201
0.94169
0.970354
0.989447
0.999256
0.999216
0.989798
0.970623
0.942344
0.904764
0.858715
0.804169
0.742122
0.672699
0.59704
0.515401
0.42904
0.338315
0.244571
0.148238
0.0507148
-0.0475319
-0.145086
-0.241479
-0.335314
-0.426159
-0.512668
-0.59448
-0.670337
-0.73998
-0.802269
-0.857075
-0.9034
-0.941269
-0.969846
-0.989328
-0.999057
-0.99941
-0.989911
-0.971125
-0.94276
-0.905561
-0.859414
-0.805234
-0.743071
-0.673995
-0.5982
-0.516884
-0.430361
-0.339932
-0.245997
-0.149932
-0.052188
0.0458222
-0.0485378
0.0485378
0.14538
0.240589
0.333718
0.423402
0.509247
0.589958
0.665228
0.733863
0.795672
0.849593
0.895573
0.932703
0.961094
0.980005
0.98972
0.989681
0.980353
0.96136
0.933352
0.89613
0.850521
0.796495
0.73504
0.66628
0.591343
0.510483
0.424946
0.335086
0.242237
0.146824
0.0502309
-0.0470783
-0.143701
-0.239175
-0.332114
-0.422092
-0.507775
-0.588807
-0.66394
-0.732919
-0.794614
-0.848897
-0.894779
-0.932287
-0.960591
-0.979888
-0.989524
-0.989873
-0.980465
-0.961858
-0.933764
-0.896919
-0.851212
-0.79755
-0.73598
-0.667564
-0.592491
-0.511952
-0.426254
-0.336688
-0.24365
-0.148501
-0.05169
0.045385
-0.0476031
0.0476031
0.14258
0.235957
0.327292
0.41525
0.499441
0.578599
0.652418
0.719733
0.780351
0.833234
0.878328
0.914744
0.942588
0.961134
0.970663
0.970624
0.961476
0.942849
0.91538
0.878875
0.834144
0.781158
0.720886
0.65345
0.579956
0.500654
0.416763
0.328634
0.237573
0.143996
0.0492637
-0.0461718
-0.140934
-0.23457
-0.32572
-0.413964
-0.497998
-0.577469
-0.651156
-0.718807
-0.779313
-0.832551
-0.87755
-0.914335
-0.942095
-0.96102
-0.97047
-0.970812
-0.961586
-0.943337
-0.915784
-0.879649
-0.834822
-0.782193
-0.721809
-0.65471
-0.581083
-0.502094
-0.418046
-0.330205
-0.238958
-0.145642
-0.0506947
0.0445111
-0.0462106
0.0462106
0.138409
0.229054
0.317717
0.403102
0.48483
0.561672
0.633332
0.698678
0.757523
0.808858
0.852633
0.887984
0.915013
0.933017
0.942267
0.942229
0.933349
0.915267
0.888601
0.853164
0.809741
0.758306
0.699797
0.634334
0.56299
0.486007
0.404571
0.31902
0.230623
0.139784
0.0478225
-0.0448211
-0.136811
-0.227708
-0.316191
-0.401854
-0.483429
-0.560576
-0.632107
-0.697778
-0.756515
-0.808195
-0.851878
-0.887587
-0.914535
-0.932906
-0.94208
-0.942412
-0.933456
-0.915741
-0.888993
-0.853915
-0.8104
-0.75931
-0.700693
-0.635557
-0.564084
-0.487406
-0.405817
-0.320545
-0.231968
-0.141381
-0.0492116
0.0432089
-0.0443734
0.0443734
0.132906
0.219948
0.305086
0.387076
0.465555
0.539342
0.608153
0.670901
0.727406
0.776701
0.818736
0.852681
0.878635
0.895924
0.904806
0.90477
0.896242
0.878879
0.853273
0.819245
0.777549
0.728158
0.671976
0.609115
0.540607
0.466685
0.388487
0.306337
0.221454
0.134227
0.0459212
-0.0430392
-0.131372
-0.218655
-0.30362
-0.385878
-0.46421
-0.538289
-0.606976
-0.670037
-0.726438
-0.776064
-0.81801
-0.8523
-0.878176
-0.895817
-0.904626
-0.904945
-0.896345
-0.879334
-0.85365
-0.819967
-0.778181
-0.729123
-0.672836
-0.610289
-0.541658
-0.468028
-0.389683
-0.307801
-0.222746
-0.13576
-0.0472552
0.0414911
-0.0421093
0.0421093
0.126125
0.208725
0.289519
0.367326
0.441801
0.511823
0.577123
0.636669
0.690292
0.737071
0.776961
0.809174
0.833804
0.850211
0.85864
0.858605
0.850513
0.834036
0.809736
0.777445
0.737876
0.691005
0.637689
0.578036
0.513024
0.442874
0.368665
0.290707
0.210154
0.127378
0.0435782
-0.0408432
-0.124669
-0.207498
-0.288128
-0.366189
-0.440524
-0.510824
-0.576006
-0.63585
-0.689373
-0.736467
-0.776273
-0.808812
-0.833368
-0.850109
-0.858469
-0.858772
-0.85061
-0.834467
-0.810094
-0.778129
-0.738476
-0.69192
-0.638505
-0.57915
-0.51402
-0.444148
-0.3698
-0.292096
-0.21138
-0.128833
-0.044844
0.0393741
-0.0394401
0.0394401
0.11813
0.195495
0.271168
0.344042
0.413796
0.47938
0.540541
0.596312
0.646536
0.69035
0.727711
0.757882
0.780952
0.796318
0.804213
0.80418
0.796601
0.781168
0.758409
0.728164
0.691104
0.647204
0.597268
0.541396
0.480504
0.414801
0.345296
0.27228
0.196833
0.119304
0.0408159
-0.0382542
-0.116767
-0.194345
-0.269865
-0.342977
-0.412601
-0.478444
-0.539495
-0.595545
-0.645675
-0.689784
-0.727067
-0.757544
-0.780543
-0.796223
-0.804053
-0.804336
-0.796692
-0.781573
-0.758744
-0.728806
-0.691666
-0.648061
-0.598032
-0.542439
-0.481438
-0.415994
-0.346359
-0.273581
-0.197981
-0.120667
-0.0420015
0.0368783
-0.0363915
0.0363915
0.108999
0.180383
0.250207
0.317448
0.381811
0.442325
0.498758
0.550218
0.59656
0.636987
0.671461
0.6993
0.720585
0.734764
0.742048
0.742019
0.735025
0.720785
0.699786
0.671879
0.637683
0.597177
0.5511
0.499547
0.443362
0.382737
0.318605
0.251233
0.181618
0.110082
0.0376609
-0.0352972
-0.107741
-0.179323
-0.249005
-0.316466
-0.380707
-0.441461
-0.497793
-0.54951
-0.595766
-0.636465
-0.670866
-0.698987
-0.720209
-0.734676
-0.741901
-0.742162
-0.735109
-0.721158
-0.700095
-0.67247
-0.638201
-0.597967
-0.551805
-0.50051
-0.444224
-0.383839
-0.319586
-0.252434
-0.182678
-0.111339
-0.0387548
0.0340276
-0.0329927
0.0329927
0.0988192
0.163536
0.226839
0.2878
0.346152
0.401014
0.452177
0.498831
0.540844
0.577496
0.60875
0.633989
0.653287
0.666141
0.672745
0.672718
0.666378
0.653468
0.634429
0.609129
0.578126
0.541403
0.49963
0.452892
0.401955
0.346992
0.288849
0.227769
0.164656
0.0998007
0.0341435
-0.0320007
-0.0976784
-0.162575
-0.225749
-0.28691
-0.345151
-0.400231
-0.451302
-0.498189
-0.540125
-0.577022
-0.60821
-0.633705
-0.652945
-0.666061
-0.672611
-0.672849
-0.666454
-0.653806
-0.63471
-0.609665
-0.578597
-0.54212
-0.50027
-0.453765
-0.402736
-0.34799
-0.289739
-0.228858
-0.165617
-0.100941
-0.0351354
0.0308496
-0.0292765
0.0292765
0.0876885
0.145116
0.201288
0.255384
0.307162
0.355845
0.401245
0.442644
0.479925
0.512449
0.540182
0.562578
0.579703
0.591109
0.596969
0.596946
0.591319
0.579863
0.56297
0.540519
0.513008
0.480422
0.443354
0.40188
0.35668
0.307908
0.256314
0.202114
0.14611
0.0885595
0.0302977
-0.0283962
-0.0866763
-0.144263
-0.200321
-0.254593
-0.306275
-0.35515
-0.400469
-0.442075
-0.479287
-0.512029
-0.539704
-0.562327
-0.5794
-0.591039
-0.596851
-0.597061
-0.591387
-0.580164
-0.563218
-0.540995
-0.513426
-0.481058
-0.443921
-0.402654
-0.357373
-0.308794
-0.257103
-0.20308
-0.146962
-0.0895713
-0.0311778
0.0273748
-0.0252787
0.0252787
0.0757143
0.1253
0.173802
0.22051
0.265218
0.307253
0.346453
0.382199
0.414389
0.442471
0.466418
0.485756
0.500542
0.510391
0.51545
0.51543
0.510572
0.50068
0.486093
0.466708
0.442955
0.414818
0.382812
0.347001
0.307974
0.265862
0.221313
0.174514
0.126158
0.0764663
0.0261604
-0.0245186
-0.0748402
-0.124563
-0.172967
-0.219827
-0.264451
-0.306653
-0.345783
-0.381707
-0.413838
-0.442109
-0.466005
-0.485539
-0.50028
-0.51033
-0.515348
-0.51553
-0.51063
-0.50094
-0.486308
-0.467119
-0.443315
-0.415367
-0.383302
-0.34767
-0.308572
-0.266627
-0.221995
-0.175349
-0.126894
-0.0773399
-0.0269204
0.0236367
-0.0210376
0.0210376
0.0630115
0.104278
0.144643
0.183514
0.220722
0.255705
0.288328
0.318077
0.344867
0.368237
0.388166
0.40426
0.416565
0.424761
0.428972
0.428955
0.424912
0.41668
0.404541
0.388408
0.368639
0.345223
0.318587
0.288784
0.256304
0.221258
0.184183
0.145236
0.104992
0.0636374
0.0217715
-0.0204051
-0.0622842
-0.103665
-0.143948
-0.182946
-0.220084
-0.255205
-0.28777
-0.317668
-0.344408
-0.367935
-0.387822
-0.404079
-0.416347
-0.424711
-0.428887
-0.429038
-0.424961
-0.416896
-0.404719
-0.38875
-0.368939
-0.34568
-0.318994
-0.289341
-0.256802
-0.221894
-0.18475
-0.14593
-0.105605
-0.0643645
-0.0224039
0.0196711
-0.0165942
0.0165942
0.0497026
0.0822531
0.114092
0.144754
0.174102
0.201696
0.227429
0.250895
0.272026
0.29046
0.30618
0.318874
0.328581
0.335046
0.338367
0.338354
0.335165
0.328672
0.319096
0.306371
0.290778
0.272307
0.251297
0.227789
0.202169
0.174525
0.145281
0.11456
0.0828164
0.0501963
0.017173
-0.0160952
-0.0491289
-0.0817696
-0.113544
-0.144306
-0.173599
-0.201302
-0.226989
-0.250572
-0.271664
-0.290222
-0.305909
-0.318732
-0.328409
-0.335006
-0.3383
-0.338419
-0.335203
-0.328842
-0.319237
-0.30664
-0.291014
-0.272668
-0.251618
-0.228228
-0.202562
-0.175027
-0.145728
-0.115108
-0.0832995
-0.0507698
-0.0176719
0.0155163
-0.0119911
0.0119911
0.0359155
0.0594368
0.0824438
0.1046
0.125808
0.145747
0.164342
0.181298
0.196568
0.209889
0.221248
0.230421
0.237435
0.242107
0.244507
0.244497
0.242193
0.237501
0.230581
0.221386
0.210118
0.196771
0.181589
0.164602
0.146089
0.126113
0.104981
0.082782
0.0598438
0.0362722
0.0124094
-0.0116305
-0.0355009
-0.0590874
-0.0820477
-0.104276
-0.125444
-0.145463
-0.164024
-0.181065
-0.196307
-0.209717
-0.221052
-0.230318
-0.237311
-0.242078
-0.244458
-0.244545
-0.242221
-0.237624
-0.230683
-0.221581
-0.210289
-0.197032
-0.181821
-0.164919
-0.146373
-0.126476
-0.105305
-0.0831776
-0.0601929
-0.0366867
-0.0127698
0.0112122
-0.00727263
0.00727263
0.0217829
0.0360486
0.0500024
0.0634403
0.0763027
0.0883961
0.0996741
0.109958
0.119219
0.127298
0.134188
0.139751
0.144005
0.146839
0.148294
0.148288
0.146891
0.144045
0.139848
0.134271
0.127437
0.119342
0.110134
0.0998317
0.0886035
0.076488
0.0636715
0.0502075
0.0362954
0.0219992
0.00752632
-0.00705396
-0.0215314
-0.0358367
-0.0497622
-0.0632439
-0.0760823
-0.0882236
-0.0994811
-0.109817
-0.119061
-0.127194
-0.134069
-0.139689
-0.14393
-0.146821
-0.148265
-0.148317
-0.146908
-0.14412
-0.13991
-0.134389
-0.127541
-0.1195
-0.110275
-0.100024
-0.0887756
-0.0767081
-0.0638675
-0.0504475
-0.0365072
-0.0222506
-0.00774494
0.00680024
-0.00248421
0.00248421
0.00744066
0.0123136
0.01708
0.0216701
0.0260637
0.0301946
0.034047
0.0375598
0.0407232
0.0434829
0.0458362
0.0477366
0.0491897
0.0501576
0.0506548
0.0506528
0.0501754
0.0492033
0.0477698
0.0458648
0.0435304
0.0407654
0.03762
0.0341008
0.0302655
0.026127
0.0217491
0.01715
0.0123979
0.00751456
0.00257086
-0.00240951
-0.00735477
-0.0122412
-0.0169979
-0.0216031
-0.0259884
-0.0301357
-0.0339811
-0.0375115
-0.0406691
-0.0434473
-0.0457956
-0.0477153
-0.049164
-0.0501516
-0.0506447
-0.0506626
-0.0501811
-0.0492288
-0.0477909
-0.0459052
-0.0435658
-0.0408193
-0.0376682
-0.0341665
-0.0303243
-0.0262022
-0.0218161
-0.017232
-0.0124702
-0.00760042
-0.00264554
0.00232285
0.00232812
-0.00232812
-0.00697314
-0.0115399
-0.0160068
-0.0203085
-0.024426
-0.0282974
-0.0319077
-0.0351998
-0.0381645
-0.0407508
-0.0429562
-0.0447372
-0.0460989
-0.047006
-0.047472
-0.0474701
-0.0470227
-0.0461117
-0.0447683
-0.0429829
-0.0407953
-0.0382039
-0.0352562
-0.0319581
-0.0283638
-0.0244853
-0.0203825
-0.0160724
-0.0116189
-0.0070424
-0.00240933
0.00225811
0.00689264
0.011472
0.0159299
0.0202457
0.0243555
0.0282422
0.0318459
0.0351545
0.0381137
0.0407174
0.0429181
0.0447172
0.0460748
0.0470004
0.0474626
0.0474793
0.0470281
0.0461356
0.044788
0.0430208
0.0408285
0.0382545
0.0353013
0.0320197
0.0284189
0.0245558
0.0204453
0.0161493
0.0116867
0.00712286
0.00247931
-0.00217689
0.00711804
-0.00711804
-0.0213198
-0.0352823
-0.0489396
-0.0620918
-0.0746808
-0.0865172
-0.0975554
-0.107621
-0.116685
-0.124592
-0.131335
-0.136781
-0.140944
-0.143717
-0.145142
-0.145136
-0.143768
-0.140983
-0.136876
-0.131417
-0.124728
-0.116806
-0.107793
-0.0977096
-0.0867201
-0.0748621
-0.0623181
-0.0491403
-0.0355239
-0.0215316
-0.00736634
0.00690402
0.0210737
0.0350749
0.0487044
0.0618996
0.074465
0.0863483
0.0973665
0.107482
0.11653
0.12449
0.131219
0.136719
0.14087
0.1437
0.145113
0.145164
0.143785
0.141056
0.136936
0.131533
0.12483
0.11696
0.107931
0.0978979
0.0868886
0.0750775
0.0625099
0.0493752
0.0357312
0.0217776
0.00758031
-0.00665569
0.0118395
-0.0118395
-0.0354614
-0.0586853
-0.0814015
-0.103278
-0.124217
-0.143905
-0.162264
-0.179006
-0.194083
-0.207235
-0.218451
-0.227508
-0.234433
-0.239046
-0.241416
-0.241406
-0.239131
-0.234498
-0.227666
-0.218587
-0.207462
-0.194284
-0.179293
-0.162521
-0.144242
-0.124519
-0.103654
-0.0817354
-0.0590872
-0.0358137
-0.0122525
0.0114835
0.0350521
0.0583404
0.0810104
0.102958
0.123858
0.143624
0.16195
0.178776
0.193825
0.207066
0.218257
0.227406
0.234311
0.239017
0.241368
0.241453
0.239158
0.23462
0.227767
0.218779
0.20763
0.194541
0.179523
0.162834
0.144522
0.124877
0.103973
0.0821261
0.0594319
0.0362228
0.0126084
-0.0110705
0.016447
-0.016447
-0.0492619
-0.0815237
-0.11308
-0.14347
-0.172558
-0.199908
-0.225412
-0.24867
-0.269614
-0.287885
-0.303465
-0.316047
-0.325667
-0.332075
-0.335367
-0.335353
-0.332193
-0.325757
-0.316266
-0.303654
-0.288199
-0.269892
-0.249068
-0.225769
-0.200376
-0.172977
-0.143993
-0.113544
-0.082082
-0.0497512
-0.0170207
0.0159525
0.0486932
0.0810445
0.112537
0.143026
0.17206
0.199517
0.224976
0.24835
0.269255
0.287649
0.303196
0.315905
0.325496
0.332035
0.3353
0.335418
0.332231
0.325926
0.316406
0.303921
0.288433
0.27025
0.249387
0.226204
0.200766
0.173475
0.144436
0.114087
0.0825608
0.0503196
0.0175152
-0.0153787
0.0208963
-0.0208963
-0.0625884
-0.103578
-0.143671
-0.182282
-0.219239
-0.253987
-0.286392
-0.315941
-0.34255
-0.365764
-0.385559
-0.401545
-0.413767
-0.421909
-0.426091
-0.426074
-0.422059
-0.413882
-0.401824
-0.385799
-0.366164
-0.342905
-0.316447
-0.286845
-0.254583
-0.219772
-0.182946
-0.14426
-0.104287
-0.06321
-0.0216252
0.020268
0.0618659
0.102969
0.142981
0.181718
0.218606
0.253491
0.285838
0.315534
0.342095
0.365464
0.385218
0.401365
0.413551
0.421858
0.426007
0.426157
0.422107
0.414096
0.402001
0.386139
0.366461
0.343359
0.316852
0.287398
0.255078
0.220404
0.18351
0.14495
0.104895
0.0639322
0.0222534
-0.019539
0.0251446
-0.0251446
-0.0753127
-0.124635
-0.17288
-0.21934
-0.263811
-0.305623
-0.344616
-0.380172
-0.412192
-0.440125
-0.463944
-0.48318
-0.497887
-0.507684
-0.512717
-0.512696
-0.507864
-0.498025
-0.483515
-0.464233
-0.440605
-0.412618
-0.380781
-0.345161
-0.30634
-0.264452
-0.22014
-0.173589
-0.125489
-0.0760608
-0.0260217
0.0243886
0.0744433
0.123903
0.172049
0.218661
0.263049
0.305027
0.343949
0.379683
0.411643
0.439764
0.463533
0.482964
0.497627
0.507623
0.512615
0.512796
0.507922
0.498283
0.483729
0.464642
0.440964
0.413164
0.381269
0.345826
0.306935
0.265213
0.220817
0.174419
0.126221
0.0769297
0.0267776
-0.0235113
0.029151
-0.029151
-0.0873125
-0.144494
-0.200425
-0.254288
-0.305845
-0.354319
-0.399524
-0.440746
-0.477867
-0.510251
-0.537866
-0.560166
-0.577217
-0.588574
-0.594409
-0.594386
-0.588783
-0.577377
-0.560555
-0.538201
-0.510808
-0.478361
-0.441452
-0.400156
-0.35515
-0.306587
-0.255215
-0.201247
-0.145483
-0.0881797
-0.0301678
0.0282744
0.0863046
0.143644
0.199462
0.253501
0.304961
0.353627
0.398751
0.440179
0.477231
0.509833
0.537389
0.559915
0.576915
0.588504
0.594291
0.594501
0.588851
0.577676
0.560803
0.538675
0.511224
0.478995
0.442017
0.400927
0.35584
0.30747
0.256001
0.202209
0.146332
0.0891872
0.0310441
-0.0272574
0.0328769
-0.0328769
-0.0984722
-0.162962
-0.226042
-0.28679
-0.344936
-0.399606
-0.450589
-0.497079
-0.538945
-0.575468
-0.606613
-0.631763
-0.650993
-0.663802
-0.670383
-0.670356
-0.664038
-0.651174
-0.632202
-0.60699
-0.576097
-0.539503
-0.497876
-0.451302
-0.400543
-0.345774
-0.287835
-0.226969
-0.164078
-0.0994503
-0.0340237
0.0318883
0.0973355
0.162004
0.224956
0.285902
0.34394
0.398826
0.449717
0.49644
0.538228
0.574997
0.606075
0.63148
0.650653
0.663723
0.67025
0.670486
0.664114
0.651511
0.632481
0.607525
0.576565
0.540217
0.498513
0.452172
0.401322
0.346769
0.288721
0.228054
0.165035
0.100587
0.035012
-0.0307413
0.0362865
-0.0362865
-0.108685
-0.179863
-0.249485
-0.316532
-0.380709
-0.441048
-0.497319
-0.548631
-0.594838
-0.635149
-0.669523
-0.697282
-0.718506
-0.732644
-0.739907
-0.739878
-0.732904
-0.718706
-0.697767
-0.66994
-0.635843
-0.595454
-0.54951
-0.498105
-0.442083
-0.381633
-0.317686
-0.250508
-0.181094
-0.109764
-0.0375522
0.0351954
0.10743
0.178805
0.248286
0.315553
0.379609
0.440187
0.496356
0.547925
0.594047
0.634628
0.66893
0.69697
0.718131
0.732556
0.73976
0.740021
0.732988
0.719078
0.698075
0.67053
0.63636
0.596242
0.550213
0.499065
0.442942
0.382731
0.318664
0.251705
0.182151
0.111018
0.038643
-0.0339295
0.0393469
-0.0393469
-0.117851
-0.195033
-0.270527
-0.34323
-0.412819
-0.478248
-0.539264
-0.594904
-0.645009
-0.688719
-0.725993
-0.756092
-0.779107
-0.794437
-0.802313
-0.802281
-0.794719
-0.779323
-0.756618
-0.726445
-0.689471
-0.645676
-0.595857
-0.540117
-0.47937
-0.413821
-0.34448
-0.271637
-0.196368
-0.119022
-0.0407195
0.0381639
0.116491
0.193886
0.269227
0.342167
0.411626
0.477314
0.53822
0.594138
0.64415
0.688155
0.725349
0.755754
0.7787
0.794342
0.802153
0.802436
0.79481
0.779727
0.756952
0.727084
0.690032
0.646531
0.59662
0.541158
0.480301
0.415012
0.345541
0.272935
0.197514
0.120382
0.0419023
-0.0367912
0.0420289
-0.0420289
-0.125884
-0.208327
-0.288967
-0.366625
-0.440957
-0.510846
-0.576021
-0.635453
-0.688973
-0.735663
-0.775477
-0.807629
-0.832212
-0.848587
-0.857
-0.856966
-0.848889
-0.832443
-0.80819
-0.77596
-0.736467
-0.689686
-0.636472
-0.576932
-0.512044
-0.442028
-0.367961
-0.290152
-0.209753
-0.127135
-0.043495
0.0407652
0.124431
0.207102
0.287578
0.36549
0.439683
0.509848
0.574906
0.634635
0.688057
0.73506
0.77479
0.807268
0.831777
0.848486
0.856829
0.857132
0.848986
0.832874
0.808547
0.776643
0.737066
0.690599
0.637286
0.578044
0.513039
0.4433
0.369094
0.291539
0.210977
0.128587
0.0447584
-0.0392989
0.0443065
-0.0443065
-0.132706
-0.219616
-0.304626
-0.386492
-0.464853
-0.538529
-0.607237
-0.669889
-0.72631
-0.77553
-0.817501
-0.851395
-0.877311
-0.894573
-0.903442
-0.903406
-0.894891
-0.877554
-0.851987
-0.81801
-0.776377
-0.727061
-0.670963
-0.608197
-0.539792
-0.465982
-0.387901
-0.305875
-0.22112
-0.134024
-0.045852
0.0429743
0.131174
0.218325
0.303162
0.385296
0.46351
0.537478
0.606061
0.669027
0.725343
0.774894
0.816777
0.851015
0.876852
0.894466
0.903262
0.903581
0.894993
0.878008
0.852363
0.818731
0.777008
0.728023
0.671821
0.609369
0.540841
0.467323
0.389095
0.307337
0.22241
0.135555
0.0471839
-0.0414286
0.0461578
-0.0461578
-0.138251
-0.228793
-0.317355
-0.402642
-0.484277
-0.561031
-0.63261
-0.69788
-0.756658
-0.807935
-0.85166
-0.88697
-0.913969
-0.931952
-0.941192
-0.941154
-0.932284
-0.914222
-0.887587
-0.852191
-0.808817
-0.757441
-0.698999
-0.63361
-0.562347
-0.485453
-0.404109
-0.318656
-0.230359
-0.139624
-0.0477679
0.04477
0.136655
0.227448
0.31583
0.401396
0.482878
0.559936
0.631385
0.696982
0.755651
0.807273
0.850906
0.886574
0.913491
0.931841
0.941004
0.941336
0.93239
0.914695
0.887979
0.852941
0.809475
0.758444
0.699893
0.634831
0.56344
0.486849
0.405353
0.320179
0.231703
0.14122
0.0491555
-0.0431596
0.0475651
-0.0475651
-0.142466
-0.235768
-0.32703
-0.414918
-0.499042
-0.578136
-0.651897
-0.719157
-0.779727
-0.832567
-0.877626
-0.914012
-0.941834
-0.960366
-0.969887
-0.969848
-0.960707
-0.942095
-0.914648
-0.878172
-0.833476
-0.780533
-0.72031
-0.652928
-0.579492
-0.500253
-0.41643
-0.328371
-0.237383
-0.143881
-0.0492242
0.0461349
0.140822
0.234382
0.325459
0.413633
0.4976
0.577007
0.650635
0.718232
0.77869
0.831885
0.876848
0.913604
0.941341
0.960251
0.969694
0.970036
0.960817
0.942583
0.915051
0.878945
0.834154
0.781567
0.721231
0.654186
0.580618
0.501692
0.417712
0.329941
0.238767
0.145525
0.0506541
-0.0444755
0.0485147
-0.0485147
-0.145311
-0.240475
-0.333559
-0.423201
-0.509005
-0.589678
-0.664912
-0.733515
-0.795295
-0.849189
-0.895148
-0.932261
-0.960638
-0.97954
-0.989251
-0.989211
-0.979888
-0.960904
-0.932909
-0.895705
-0.850117
-0.796117
-0.734691
-0.665963
-0.591062
-0.510241
-0.424744
-0.334927
-0.242122
-0.146754
-0.050207
0.047056
0.143633
0.239062
0.331957
0.421892
0.507534
0.588527
0.663625
0.732571
0.794236
0.848494
0.894354
0.931844
0.960135
0.979423
0.989054
0.989403
0.98
0.961401
0.933321
0.896494
0.850808
0.797171
0.735631
0.667247
0.59221
0.511709
0.426051
0.336528
0.243534
0.14843
0.0516654
-0.0453634
0.0489976
-0.0489976
-0.146757
-0.242869
-0.336879
-0.427414
-0.514071
-0.595548
-0.67153
-0.740816
-0.80321
-0.857642
-0.904057
-0.94154
-0.970199
-0.989289
-0.999097
-0.999057
-0.989641
-0.970468
-0.942194
-0.90462
-0.858579
-0.804041
-0.742004
-0.672592
-0.596945
-0.515319
-0.428972
-0.338261
-0.244532
-0.148215
-0.0507068
0.0475244
0.145063
0.241441
0.335261
0.426091
0.512586
0.594385
0.67023
0.739863
0.802142
0.856939
0.903256
0.941119
0.969692
0.989171
0.998898
0.999251
0.989754
0.970971
0.94261
0.905417
0.859277
0.805106
0.742953
0.673888
0.598105
0.516802
0.430292
0.339878
0.245958
0.149908
0.0521797
-0.045815
0.0490091
-0.0490091
-0.146791
-0.242926
-0.336959
-0.427514
-0.514192
-0.595688
-0.671688
-0.74099
-0.803399
-0.857843
-0.90427
-0.941761
-0.970427
-0.989521
-0.999331
-0.999292
-0.989873
-0.970696
-0.942415
-0.904833
-0.85878
-0.80423
-0.742178
-0.67275
-0.597085
-0.51544
-0.429072
-0.33834
-0.244589
-0.148249
-0.0507186
0.0475355
0.145097
0.241498
0.33534
0.426191
0.512706
0.594525
0.670388
0.740036
0.80233
0.85714
0.903468
0.94134
0.96992
0.989403
0.999133
0.999485
0.989986
0.971199
0.942832
0.905629
0.859479
0.805295
0.743127
0.674046
0.598245
0.516923
0.430393
0.339958
0.246016
0.149943
0.0521919
-0.0458257
0.0485491
-0.0485491
-0.145413
-0.240646
-0.333796
-0.423501
-0.509366
-0.590096
-0.665383
-0.734035
-0.795858
-0.849791
-0.895782
-0.932921
-0.961318
-0.980234
-0.989952
-0.989912
-0.980582
-0.961585
-0.93357
-0.89634
-0.850719
-0.796681
-0.735211
-0.666435
-0.591481
-0.510602
-0.425045
-0.335165
-0.242293
-0.146858
-0.0502426
0.0470893
0.143735
0.239231
0.332192
0.422191
0.507894
0.588944
0.664095
0.73309
0.794799
0.849095
0.894988
0.932504
0.960816
0.980117
0.989755
0.990104
0.980694
0.962083
0.933982
0.897129
0.851411
0.797736
0.736152
0.66772
0.59263
0.512071
0.426353
0.336767
0.243707
0.148536
0.051702
-0.0453956
0.047622
-0.047622
-0.142637
-0.23605
-0.327422
-0.415414
-0.499639
-0.578828
-0.652677
-0.720018
-0.78066
-0.833564
-0.878676
-0.915106
-0.942961
-0.961515
-0.971047
-0.971009
-0.961857
-0.943222
-0.915742
-0.879223
-0.834474
-0.781468
-0.721172
-0.653709
-0.580186
-0.500852
-0.416928
-0.328764
-0.237667
-0.144053
-0.0492832
0.0461901
0.14099
0.234663
0.325849
0.414128
0.498195
0.577698
0.651414
0.719091
0.779622
0.832881
0.877897
0.914697
0.942468
0.9614
0.970854
0.971197
0.961967
0.943711
0.916147
0.879997
0.835153
0.782502
0.722095
0.654969
0.581313
0.502293
0.418212
0.330336
0.239053
0.145699
0.0507147
-0.0445287
0.0462367
-0.0462367
-0.138488
-0.229184
-0.317897
-0.40333
-0.485105
-0.561991
-0.633692
-0.699074
-0.757952
-0.809317
-0.853117
-0.888487
-0.915532
-0.933546
-0.942801
-0.942764
-0.933878
-0.915786
-0.889105
-0.853648
-0.8102
-0.758736
-0.700194
-0.634694
-0.563309
-0.486283
-0.4048
-0.319201
-0.230753
-0.139863
-0.0478496
0.0448465
0.136889
0.227837
0.31637
0.402082
0.483703
0.560894
0.632465
0.698174
0.756944
0.808653
0.852361
0.88809
0.915053
0.933435
0.942614
0.942946
0.933985
0.91626
0.889497
0.8544
0.810859
0.759741
0.70109
0.635917
0.564403
0.487682
0.406047
0.320727
0.232099
0.141461
0.0492395
-0.0432334
0.0444066
-0.0444066
-0.133006
-0.220113
-0.305315
-0.387366
-0.465904
-0.539747
-0.60861
-0.671404
-0.727952
-0.777283
-0.81935
-0.85332
-0.879294
-0.896596
-0.905484
-0.905448
-0.896914
-0.879538
-0.853913
-0.81986
-0.778132
-0.728705
-0.67248
-0.609572
-0.541013
-0.467035
-0.388778
-0.306567
-0.22162
-0.134327
-0.0459557
0.0430715
0.131471
0.218819
0.303848
0.386167
0.464558
0.538693
0.607432
0.67054
0.726983
0.776646
0.818624
0.852939
0.878835
0.896489
0.905304
0.905624
0.897017
0.879993
0.85429
0.820582
0.778765
0.729669
0.67334
0.610747
0.542064
0.468379
0.389975
0.308032
0.222913
0.135862
0.0472906
-0.0415222
0.0421493
-0.0421493
-0.126245
-0.208924
-0.289795
-0.367675
-0.442221
-0.51231
-0.577672
-0.637274
-0.690948
-0.737772
-0.7777
-0.809944
-0.834597
-0.851019
-0.859456
-0.859422
-0.851322
-0.834829
-0.810507
-0.778184
-0.738577
-0.691663
-0.638296
-0.578586
-0.513512
-0.443295
-0.369015
-0.290983
-0.210354
-0.127499
-0.0436196
0.0408821
0.124788
0.207696
0.288403
0.366537
0.440943
0.51131
0.576554
0.636454
0.690029
0.737167
0.777011
0.809582
0.834161
0.850918
0.859285
0.859588
0.851419
0.835261
0.810864
0.778869
0.739178
0.692578
0.639113
0.579701
0.514509
0.44457
0.370151
0.292374
0.211581
0.128956
0.0448867
-0.0394115
0.0394865
-0.0394865
-0.118269
-0.195725
-0.271487
-0.344447
-0.414283
-0.479944
-0.541177
-0.597014
-0.647297
-0.691162
-0.728568
-0.758775
-0.781871
-0.797255
-0.805159
-0.805127
-0.797539
-0.782088
-0.759302
-0.729022
-0.691917
-0.647966
-0.597971
-0.542033
-0.48107
-0.415289
-0.345702
-0.2726
-0.197065
-0.119444
-0.0408639
0.0382993
0.116904
0.194574
0.270182
0.343381
0.413086
0.479007
0.54013
0.596246
0.646436
0.690596
0.727922
0.758436
0.781462
0.79716
0.804999
0.805283
0.79763
0.782493
0.759637
0.729664
0.69248
0.648824
0.598736
0.543078
0.482005
0.416484
0.346767
0.273903
0.198215
0.120809
0.0420509
-0.0369217
0.0364438
-0.0364438
-0.109156
-0.180643
-0.250567
-0.317905
-0.38236
-0.442961
-0.499476
-0.55101
-0.597418
-0.637903
-0.672427
-0.700306
-0.721622
-0.735821
-0.743116
-0.743086
-0.736083
-0.721822
-0.700792
-0.672845
-0.6386
-0.598036
-0.551893
-0.500266
-0.444
-0.383288
-0.319064
-0.251594
-0.18188
-0.11024
-0.037715
0.0353481
0.107896
0.179581
0.249363
0.316921
0.381255
0.442096
0.498509
0.550301
0.596623
0.637381
0.671831
0.699993
0.721245
0.735733
0.742968
0.74323
0.736167
0.722196
0.701102
0.673438
0.63912
0.598828
0.552599
0.50123
0.444863
0.384391
0.320046
0.252797
0.182941
0.1115
0.0388106
-0.0340766
0.0330504
-0.0330504
-0.0989923
-0.163823
-0.227236
-0.288304
-0.346758
-0.401716
-0.452969
-0.499705
-0.541792
-0.578507
-0.609816
-0.635099
-0.654431
-0.667308
-0.673923
-0.673896
-0.667545
-0.654612
-0.635541
-0.610196
-0.579139
-0.542352
-0.500506
-0.453685
-0.402659
-0.3476
-0.289355
-0.228168
-0.164945
-0.0999754
-0.0342033
0.0320568
0.0978496
0.16286
0.226144
0.287412
0.345756
0.400932
0.452092
0.499062
0.541071
0.578033
0.609276
0.634815
0.654089
0.667228
0.673789
0.674027
0.667621
0.654951
0.635821
0.610733
0.57961
0.54307
0.501146
0.45456
0.403441
0.3486
0.290246
0.229259
0.165907
0.101118
0.0351969
-0.0309037
0.0293391
-0.0293391
-0.0878763
-0.145427
-0.201719
-0.25593
-0.30782
-0.356607
-0.402104
-0.443592
-0.480953
-0.513545
-0.541339
-0.563783
-0.580944
-0.592374
-0.598247
-0.598223
-0.592585
-0.581105
-0.564175
-0.541676
-0.514106
-0.48145
-0.444303
-0.40274
-0.357443
-0.308567
-0.256863
-0.202547
-0.146423
-0.088749
-0.0303625
0.0284571
0.0868619
0.144572
0.20075
0.255138
0.30693
0.355911
0.401326
0.443021
0.480313
0.513125
0.540859
0.563531
0.58064
0.592304
0.598128
0.598339
0.592653
0.581406
0.564424
0.542153
0.514525
0.482088
0.444871
0.403516
0.358138
0.309455
0.257654
0.203515
0.147277
0.089763
0.0312446
-0.0274334
0.0253455
-0.0253455
-0.0759148
-0.125632
-0.174262
-0.221094
-0.26592
-0.308066
-0.347371
-0.383211
-0.415487
-0.443643
-0.467653
-0.487042
-0.501867
-0.511742
-0.516815
-0.516795
-0.511924
-0.502006
-0.487381
-0.467944
-0.444128
-0.415916
-0.383825
-0.34792
-0.308789
-0.266566
-0.221899
-0.174976
-0.126492
-0.0766686
-0.0262296
0.0245837
0.0750385
0.124893
0.173425
0.220409
0.265152
0.307465
0.346698
0.382718
0.414934
0.44328
0.467239
0.486824
0.501605
0.511681
0.516713
0.516895
0.511982
0.502266
0.487596
0.468356
0.444489
0.416467
0.384317
0.348591
0.309389
0.267333
0.222583
0.175813
0.12723
0.0775447
0.0269916
-0.0236993
0.0211081
-0.0211081
-0.063223
-0.104628
-0.145128
-0.18413
-0.221462
-0.256562
-0.289295
-0.319144
-0.346023
-0.369472
-0.389468
-0.405616
-0.417962
-0.426186
-0.430411
-0.430394
-0.426338
-0.418078
-0.405898
-0.389711
-0.369876
-0.346381
-0.319655
-0.289753
-0.257164
-0.222
-0.184801
-0.145723
-0.105344
-0.0638507
-0.0218444
0.0204737
0.0624932
0.104013
0.144431
0.18356
0.220822
0.256061
0.288736
0.318733
0.345563
0.36917
0.389123
0.405435
0.417744
0.426135
0.430326
0.430478
0.426386
0.418295
0.406077
0.390054
0.370177
0.34684
0.320064
0.290311
0.257664
0.222639
0.18537
0.14642
0.105959
0.0645804
0.022479
-0.0197371
0.0166676
-0.0166676
-0.0499229
-0.0826174
-0.114598
-0.145395
-0.174874
-0.20259
-0.228437
-0.252006
-0.273231
-0.291747
-0.307536
-0.320287
-0.330036
-0.33653
-0.339866
-0.339853
-0.33665
-0.330127
-0.32051
-0.307728
-0.292066
-0.273513
-0.25241
-0.228798
-0.203065
-0.175298
-0.145925
-0.115067
-0.0831831
-0.0504184
-0.017249
0.0161668
0.0493467
0.0821321
0.114047
0.144945
0.174368
0.202194
0.227995
0.251682
0.272868
0.291508
0.307264
0.320144
0.329864
0.33649
0.339799
0.339919
0.336688
0.330299
0.320651
0.307999
0.292303
0.273876
0.252733
0.229239
0.203459
0.175802
0.146374
0.115618
0.0836685
0.0509947
0.0177502
-0.015585
0.0120667
-0.0120667
-0.0361425
-0.0598121
-0.0829648
-0.105261
-0.126603
-0.146668
-0.165381
-0.182444
-0.19781
-0.211215
-0.222646
-0.231877
-0.238935
-0.243636
-0.246052
-0.246042
-0.243723
-0.239001
-0.232038
-0.222784
-0.211446
-0.198014
-0.182736
-0.165642
-0.147012
-0.126909
-0.105644
-0.0833046
-0.0602217
-0.036501
-0.0124875
0.0117044
0.0357254
0.059461
0.0825663
0.104935
0.126237
0.146382
0.165061
0.182209
0.197547
0.211042
0.222449
0.231773
0.23881
0.243607
0.246003
0.24609
0.243751
0.239125
0.232141
0.222981
0.211618
0.198277
0.18297
0.165961
0.147298
0.127275
0.10597
0.0837031
0.0605732
0.0369184
0.0128505
-0.011283
0.00734965
-0.00734965
-0.0220145
-0.0364313
-0.0505339
-0.0641141
-0.0771136
-0.089335
-0.100733
-0.111126
-0.120486
-0.12865
-0.135613
-0.141236
-0.145535
-0.148398
-0.14987
-0.149863
-0.148451
-0.145575
-0.141334
-0.135697
-0.128791
-0.12061
-0.111304
-0.100892
-0.0895446
-0.0773
-0.0643477
-0.0507403
-0.0366807
-0.0222323
-0.00760591
0.00712952
0.0217605
0.036218
0.0502913
0.0639164
0.0768909
0.0891614
0.100538
0.110984
0.120326
0.128546
0.135493
0.141173
0.145459
0.148381
0.14984
0.149893
0.148468
0.145651
0.141397
0.135817
0.128896
0.12077
0.111447
0.101087
0.0897188
0.0775231
0.0645461
0.0509835
0.036895
0.022487
0.00782721
-0.0068725
0.0025614
-0.0025614
-0.0076752
-0.0126996
-0.0176173
-0.02235
-0.0268831
-0.0311422
-0.035117
-0.0387387
-0.0420029
-0.0448478
-0.0472764
-0.049235
-0.050735
-0.0517319
-0.052246
-0.0522426
-0.0517513
-0.0507474
-0.04927
-0.0473039
-0.0448973
-0.0420442
-0.0388011
-0.0351702
-0.0312154
-0.0269459
-0.0224314
-0.0176869
-0.0127864
-0.00774872
-0.00265057
0.00248708
0.00758688
0.0126276
0.017533
0.0222834
0.0268058
0.031084
0.0350495
0.0386914
0.0419475
0.0448135
0.047235
0.0492154
0.0507091
0.0517281
0.0522362
0.052255
0.0517579
0.050776
0.0492925
0.0473478
0.0449347
0.0421021
0.0388516
0.0352402
0.031277
0.0270255
0.0225015
0.0177735
0.012862
0.00783927
0.00272871
-0.00239574
0
0.00224892
0.00674144
0.0111528
0.0154731
0.0196284
0.0236109
0.0273502
0.0308424
0.0340219
0.0368899
0.0393873
0.0415214
0.0432403
0.0445589
0.0454332
0.0458859
0.0458817
0.0454515
0.0445686
0.0432722
0.0415443
0.0394318
0.0369249
0.0340777
0.0308877
0.0274155
0.0236646
0.0197009
0.0155328
0.0112301
0.00680456
0.00232822
-0.00218511
-0.0066629
-0.0110911
-0.0153981
-0.0195714
-0.0235421
-0.0273005
-0.0307822
-0.0339818
-0.0368404
-0.0393586
-0.0414842
-0.0432245
-0.0445352
-0.0454313
-0.0458765
-0.045894
-0.0454564
-0.044595
-0.0432911
-0.0415842
-0.0394638
-0.036977
-0.0341213
-0.0309505
-0.0274687
-0.0237359
-0.0197616
-0.0156102
-0.0112957
-0.00688542
-0.00239602
0
