-0.00613281
0.00613281
0.0183984
0.0306641
0.0429297
0.0551953
0.0674609
0.0797266
0.0919922
0.104258
0.116523
0.128789
0.141055
0.15332
0.165586
0.177852
0.190117
0.202383
0.214648
0.226914
0.23918
0.251445
0.263711
0.275977
0.288242
0.300508
0.312773
0.325039
0.337305
0.34957
0.361836
0.374102
0.386367
0.398633
0.410898
0.423164
0.43543
0.447695
0.459961
0.472227
0.484492
0.496758
0.509023
0.521289
0.533555
0.54582
0.558086
0.570352
0.582617
0.594883
0.607148
0.619414
0.63168
0.643945
0.656211
0.668477
0.680742
0.693008
0.705273
0.717539
0.729805
0.74207
0.754336
0.766602
0.778867
0.791133
0.803398
0.815664
0.82793
0.840195
0.852461
0.864727
0.876992
0.889258
0.901523
0.913789
0.926055
0.93832
0.950586
0.962852
0.975117
0.987383
0.999648
1.01191
1.02418
1.03645
1.04871
1.06098
1.07324
1.08551
1.09777
1.11004
1.1223
1.13457
1.14684
1.1591
1.17137
1.18363
1.1959
1.20816
1.22043
1.2327
1.24496
1.25723
1.26949
1.28176
1.29402
1.30629
1.31855
1.33082
1.34309
1.35535
1.36762
1.37988
1.39215
1.40441
1.41668
1.42895
1.44121
1.45348
1.46574
1.47801
1.49027
1.50254
1.5148
1.52707
1.53934
1.5516
1.56387
1.57613
1.5884
1.60066
1.61293
1.6252
1.63746
1.64973
1.66199
1.67426
1.68652
1.69879
1.71105
1.72332
1.73559
1.74785
1.76012
1.77238
1.78465
1.79691
1.80918
1.82145
1.83371
1.84598
1.85824
1.87051
1.88277
1.89504
1.9073
1.91957
1.93184
1.9441
1.95637
1.96863
1.9809
1.99316
2.00543
2.0177
2.02996
2.04223
2.05449
2.06676
2.07902
2.09129
2.10355
2.11582
2.12809
2.14035
2.15262
2.16488
2.17715
2.18941
2.20168
2.21395
2.22621
2.23848
2.25074
2.26301
2.27527
2.28754
2.2998
2.31207
2.32434
2.3366
2.34887
2.36113
2.3734
2.38566
2.39793
2.4102
2.42246
2.43473
2.44699
2.45926
2.47152
2.48379
2.49605
2.50832
2.52059
2.53285
2.54512
2.55738
2.56965
2.58191
2.59418
2.60645
2.61871
2.63098
2.64324
2.65551
2.66777
2.68004
2.6923
2.70457
2.71684
2.7291
2.74137
2.75363
2.7659
2.77816
2.79043
2.8027
2.81496
2.82723
2.83949
2.85176
2.86402
2.87629
2.88855
2.90082
2.91309
2.92535
2.93762
2.94988
2.96215
2.97441
2.98668
2.99895
3.01121
3.02348
3.03574
3.04801
3.06027
3.07254
3.0848
3.09707
3.10934
3.1216
3.13387
3.14613
3.1584
3.17066
3.18293
3.1952
3.20746
3.21973
3.23199
3.24426
3.25652
3.26879
3.28105
3.29332
3.30559
3.31785
3.33012
3.34238
3.35465
3.36691
3.37918
3.39145
3.40371
3.41598
3.42824
3.44051
3.45277
3.46504
3.4773
3.48957
3.50184
3.5141
3.52637
3.53863
3.5509
3.56316
3.57543
3.5877
3.59996
3.61223
3.62449
3.63676
3.64902
3.66129
3.67355
3.68582
3.69809
3.71035
3.72262
3.73488
3.74715
3.75941
3.77168
3.78395
3.79621
3.80848
3.82074
3.83301
3.84527
3.85754
3.8698
3.88207
3.89434
3.9066
3.91887
3.93113
3.9434
3.95566
3.96793
3.9802
3.99246
4.00473
4.01699
4.02926
4.04152
4.05379
4.06605
4.07832
4.09059
4.10285
4.11512
4.12738
4.13965
4.15191
4.16418
4.17645
4.18871
4.20098
4.21324
4.22551
4.23777
4.25004
4.2623
4.27457
4.28684
4.2991
4.31137
4.32363
4.3359
4.34816
4.36043
4.3727
4.38496
4.39723
4.40949
4.42176
4.43402
4.44629
4.45855
4.47082
4.48309
4.49535
4.50762
4.51988
4.53215
4.54441
4.55668
4.56895
4.58121
4.59348
4.60574
4.61801
4.63027
4.64254
4.6548
4.66707
4.67934
4.6916
4.70387
4.71613
4.7284
4.74066
4.75293
4.7652
4.77746
4.78973
4.80199
4.81426
4.82652
4.83879
4.85105
4.86332
4.87559
4.88785
4.90012
4.91238
4.92465
4.93691
4.94918
4.96145
4.97371
4.98598
4.99824
5.01051
5.02277
5.03504
5.0473
5.05957
5.07184
5.0841
5.09637
5.10863
5.1209
5.13316
5.14543
5.1577
5.16996
5.18223
5.19449
5.20676
5.21902
5.23129
5.24355
5.25582
5.26809
5.28035
5.29262
5.30488
5.31715
5.32941
5.34168
5.35395
5.36621
5.37848
5.39074
5.40301
5.41527
5.42754
5.4398
5.45207
5.46434
5.4766
5.48887
5.50113
5.5134
5.52566
5.53793
5.5502
5.56246
5.57473
5.58699
5.59926
5.61152
5.62379
5.63605
5.64832
5.66059
5.67285
5.68512
5.69738
5.70965
5.72191
5.73418
5.74645
5.75871
5.77098
5.78324
5.79551
5.80777
5.82004
5.8323
5.84457
5.85684
5.8691
5.88137
5.89363
5.9059
5.91816
5.93043
5.9427
5.95496
5.96723
5.97949
5.99176
6.00402
6.01629
6.02855
6.04082
6.05309
6.06535
6.07762
6.08988
6.10215
6.11441
6.12668
6.13895
6.15121
6.16348
6.17574
6.18801
6.20027
6.21254
6.2248
6.23707
6.24934
6.2616
6.27387
6.28613
