-4.88281e-05
4.88281e-05
0.000146484
0.000244141
0.000341797
0.000439453
0.000537109
0.000634766
0.000732422
0.000830078
0.000927734
0.00102539
0.00112305
0.0012207
0.00131836
0.00141602
0.00151367
0.00161133
0.00170898
0.00180664
0.0019043
0.00200195
0.00209961
0.00219727
0.00229492
0.00239258
0.00249023
0.00258789
0.00268555
0.0027832
0.00288086
0.00297852
0.00307617
0.00317383
0.00327148
0.00336914
0.0034668
0.00356445
0.00366211
0.00375977
0.00385742
0.00395508
0.00405273
0.00415039
0.00424805
0.0043457
0.00444336
0.00454102
0.00463867
0.00473633
0.00483398
0.00493164
0.0050293
0.00512695
0.00522461
0.00532227
0.00541992
0.00551758
0.00561523
0.00571289
0.00581055
0.0059082
0.00600586
0.00610352
0.00620117
0.00629883
0.00639648
0.00649414
0.0065918
0.00668945
0.00678711
0.00688477
0.00698242
0.00708008
0.00717773
0.00727539
0.00737305
0.0074707
0.00756836
0.00766602
0.00776367
0.00786133
0.00795898
0.00805664
0.0081543
0.00825195
0.00834961
0.00844727
0.00854492
0.00864258
0.00874023
0.00883789
0.00893555
0.0090332
0.00913086
0.00922852
0.00932617
0.00942383
0.00952148
0.00961914
0.0097168
0.00981445
0.00991211
0.0100098
0.0101074
0.0102051
0.0103027
0.0104004
0.010498
0.0105957
0.0106934
0.010791
0.0108887
0.0109863
0.011084
0.0111816
0.0112793
0.011377
0.0114746
0.0115723
0.0116699
0.0117676
0.0118652
0.0119629
0.0120605
0.0121582
0.0122559
0.0123535
0.0124512
0.0125488
0.0126465
0.0127441
0.0128418
0.0129395
0.0130371
0.0131348
0.0132324
0.0133301
0.0134277
0.0135254
0.013623
0.0137207
0.0138184
0.013916
0.0140137
0.0141113
0.014209
0.0143066
0.0144043
0.014502
0.0145996
0.0146973
0.0147949
0.0148926
0.0149902
0.0150879
0.0151855
0.0152832
0.0153809
0.0154785
0.0155762
0.0156738
0.0157715
0.0158691
0.0159668
0.0160645
0.0161621
0.0162598
0.0163574
0.0164551
0.0165527
0.0166504
0.016748
0.0168457
0.0169434
0.017041
0.0171387
0.0172363
0.017334
0.0174316
0.0175293
0.017627
0.0177246
0.0178223
0.0179199
0.0180176
0.0181152
0.0182129
0.0183105
0.0184082
0.0185059
0.0186035
0.0187012
0.0187988
0.0188965
0.0189941
0.0190918
0.0191895
0.0192871
0.0193848
0.0194824
0.0195801
0.0196777
0.0197754
0.019873
0.0199707
0.0200684
0.020166
0.0202637
0.0203613
0.020459
0.0205566
0.0206543
0.020752
0.0208496
0.0209473
0.0210449
0.0211426
0.0212402
0.0213379
0.0214355
0.0215332
0.0216309
0.0217285
0.0218262
0.0219238
0.0220215
0.0221191
0.0222168
0.0223145
0.0224121
0.0225098
0.0226074
0.0227051
0.0228027
0.0229004
0.022998
0.0230957
0.0231934
0.023291
0.0233887
0.0234863
0.023584
0.0236816
0.0237793
0.023877
0.0239746
0.0240723
0.0241699
0.0242676
0.0243652
0.0244629
0.0245605
0.0246582
0.0247559
0.0248535
0.0249512
0.0250488
0.0251465
0.0252441
0.0253418
0.0254395
0.0255371
0.0256348
0.0257324
0.0258301
0.0259277
0.0260254
0.026123
0.0262207
0.0263184
0.026416
0.0265137
0.0266113
0.026709
0.0268066
0.0269043
0.027002
0.0270996
0.0271973
0.0272949
0.0273926
0.0274902
0.0275879
0.0276855
0.0277832
0.0278809
0.0279785
0.0280762
0.0281738
0.0282715
0.0283691
0.0284668
0.0285645
0.0286621
0.0287598
0.0288574
0.0289551
0.0290527
0.0291504
0.029248
0.0293457
0.0294434
0.029541
0.0296387
0.0297363
0.029834
0.0299316
0.0300293
0.030127
0.0302246
0.0303223
0.0304199
0.0305176
0.0306152
0.0307129
0.0308105
0.0309082
0.0310059
0.0311035
0.0312012
0.0312988
0.0313965
0.0314941
0.0315918
0.0316895
0.0317871
0.0318848
0.0319824
0.0320801
0.0321777
0.0322754
0.032373
0.0324707
0.0325684
0.032666
0.0327637
0.0328613
0.032959
0.0330566
0.0331543
0.033252
0.0333496
0.0334473
0.0335449
0.0336426
0.0337402
0.0338379
0.0339355
0.0340332
0.0341309
0.0342285
0.0343262
0.0344238
0.0345215
0.0346191
0.0347168
0.0348145
0.0349121
0.0350098
0.0351074
0.0352051
0.0353027
0.0354004
0.035498
0.0355957
0.0356934
0.035791
0.0358887
0.0359863
0.036084
0.0361816
0.0362793
0.036377
0.0364746
0.0365723
0.0366699
0.0367676
0.0368652
0.0369629
0.0370605
0.0371582
0.0372559
0.0373535
0.0374512
0.0375488
0.0376465
0.0377441
0.0378418
0.0379395
0.0380371
0.0381348
0.0382324
0.0383301
0.0384277
0.0385254
0.038623
0.0387207
0.0388184
0.038916
0.0390137
0.0391113
0.039209
0.0393066
0.0394043
0.039502
0.0395996
0.0396973
0.0397949
0.0398926
0.0399902
0.0400879
0.0401855
0.0402832
0.0403809
0.0404785
0.0405762
0.0406738
0.0407715
0.0408691
0.0409668
0.0410645
0.0411621
0.0412598
0.0413574
0.0414551
0.0415527
0.0416504
0.041748
0.0418457
0.0419434
0.042041
0.0421387
0.0422363
0.042334
0.0424316
0.0425293
0.042627
0.0427246
0.0428223
0.0429199
0.0430176
0.0431152
0.0432129
0.0433105
0.0434082
0.0435059
0.0436035
0.0437012
0.0437988
0.0438965
0.0439941
0.0440918
0.0441895
0.0442871
0.0443848
0.0444824
0.0445801
0.0446777
0.0447754
0.044873
0.0449707
0.0450684
0.045166
0.0452637
0.0453613
0.045459
0.0455566
0.0456543
0.045752
0.0458496
0.0459473
0.0460449
0.0461426
0.0462402
0.0463379
0.0464355
0.0465332
0.0466309
0.0467285
0.0468262
0.0469238
0.0470215
0.0471191
0.0472168
0.0473145
0.0474121
0.0475098
0.0476074
0.0477051
0.0478027
0.0479004
0.047998
0.0480957
0.0481934
0.048291
0.0483887
0.0484863
0.048584
0.0486816
0.0487793
0.048877
0.0489746
0.0490723
0.0491699
0.0492676
0.0493652
0.0494629
0.0495605
0.0496582
0.0497559
0.0498535
0.0499512
0.0500488
