-1.5625e-05
1.5625e-05
4.6875e-05
7.8125e-05
0.000109375
0.000140625
0.000171875
0.000203125
0.000234375
0.000265625
0.000296875
0.000328125
0.000359375
0.000390625
0.000421875
0.000453125
0.000484375
0.000515625
0.000546875
0.000578125
0.000609375
0.000640625
0.000671875
0.000703125
0.000734375
0.000765625
0.000796875
0.000828125
0.000859375
0.000890625
0.000921875
0.000953125
0.000984375
0.00101563
0.00104688
0.00107813
0.00110938
0.00114062
0.00117187
0.00120312
0.00123438
0.00126563
0.00129688
0.00132813
0.00135937
0.00139062
0.00142187
0.00145312
0.00148438
0.00151563
0.00154688
0.00157813
0.00160938
0.00164062
0.00167187
0.00170312
0.00173438
0.00176563
0.00179688
0.00182813
0.00185937
0.00189062
0.00192187
0.00195312
0.00198438
0.00201563
