0
1.40304
1.47449
1.52264
1.58019
1.61685
1.66508
1.69394
1.73579
1.75921
1.7966
1.81614
1.85033
1.86702
1.89886
1.91337
1.94342
1.95623
1.9849
1.99633
2.02389
2.03419
2.06084
2.07017
2.09606
2.10455
2.12981
2.13756
2.16227
2.16935
2.1936
2.20008
2.22391
2.22984
2.25331
2.25873
2.28189
2.28683
2.30971
2.31421
2.33685
2.34093
2.36335
2.36703
2.38927
2.39257
2.41465
2.41758
2.43952
2.4421
2.46392
2.46616
2.48788
2.48979
2.51143
2.51301
2.53459
2.53586
2.55739
2.55834
2.57984
2.58047
2.60197
2.60229
2.62379
0
0.976162
1.02384
1.07598
1.11111
1.15311
1.17987
1.21506
1.23612
1.26665
1.28375
1.31103
1.32529
1.35024
1.36242
1.38565
1.39624
1.41817
1.42752
1.44844
1.45678
1.47689
1.48441
1.50385
1.51066
1.52956
1.53575
1.55419
1.55984
1.57787
1.58304
1.60073
1.60546
1.62285
1.62718
1.64431
1.64826
1.66516
1.66877
1.68546
1.68875
1.70527
1.70825
1.72461
1.7273
1.74352
1.74593
1.76204
1.76418
1.78019
1.78207
1.798
1.79963
1.81548
1.81687
1.83266
1.83382
1.84957
1.85049
1.8662
1.86689
1.88259
1.88305
1.89873
1.89897
1.91466
1.91466
1.00195
0.998047
1.00457
1.00464
1.01425
1.01662
1.028
1.03162
1.04397
1.04822
1.06103
1.06553
1.07853
1.08305
1.09605
1.10047
1.11338
1.11761
1.13039
1.13441
1.14702
1.1508
1.16325
1.1668
1.17908
1.18239
1.19451
1.1976
1.20957
1.21244
1.22428
1.22693
1.23865
1.24111
1.25271
1.25497
1.26647
1.26855
1.27996
1.28186
1.29318
1.29492
1.30617
1.30774
1.31893
1.32034
1.33147
1.33273
1.34381
1.34492
1.35595
1.35692
1.36792
1.36874
1.37971
1.38039
1.39134
1.39188
1.40281
1.40322
1.41413
1.4144
1.42532
1.42545
1.43636
1.43636
1.00138
0.998623
1.00139
0.998766
1.00178
0.999435
1.00279
1.00079
1.00452
1.00286
1.00696
1.00563
1.01006
1.00902
1.01376
1.01298
1.01798
1.01742
1.02265
1.02227
1.0277
1.02747
1.03307
1.03296
1.0387
1.03869
1.04454
1.04461
1.05057
1.0507
1.05674
1.05691
1.06302
1.06323
1.0694
1.06963
1.07585
1.07609
1.08235
1.0826
1.08889
1.08914
1.09546
1.0957
1.10205
1.10228
1.10865
1.10887
1.11526
1.11545
1.12186
1.12204
1.12845
1.12861
1.13503
1.13516
1.1416
1.14171
1.14815
1.14823
1.15468
1.15473
1.16118
1.16121
1.16767
1.16767
1.00081
0.999192
1.00081
0.999192
1.00081
0.999209
1.00085
0.999266
1.00094
0.99939
1.0011
0.999603
1.00137
0.999925
1.00175
1.00037
1.00226
1.00095
1.00291
1.00167
1.0037
1.00253
1.00463
1.00354
1.0057
1.00468
1.00692
1.00597
1.00827
1.00739
1.00976
1.00894
1.01137
1.01062
1.0131
1.01241
1.01494
1.01431
1.01689
1.01632
1.01894
1.01843
1.02109
1.02063
1.02333
1.02291
1.02564
1.02528
1.02804
1.02772
1.03051
1.03023
1.03304
1.0328
1.03564
1.03544
1.03829
1.03814
1.041
1.04088
1.04375
1.04368
1.04656
1.04652
1.0494
1.0494
1.0004
0.999603
1.00039
0.999606
1.00039
0.999609
1.00039
0.999613
1.00039
0.99962
1.00039
0.999633
1.0004
0.999654
1.00042
0.999687
1.00045
0.999734
1.0005
0.9998
1.00057
0.999888
1.00066
1
1.00078
1.00014
1.00093
1.00031
1.00111
1.00052
1.00132
1.00076
1.00156
1.00103
1.00185
1.00134
1.00217
1.0017
1.00253
1.00209
1.00294
1.00253
1.00338
1.003
1.00386
1.00352
1.00439
1.00407
1.00495
1.00467
1.00556
1.00531
1.0062
1.00599
1.00689
1.00671
1.00761
1.00747
1.00837
1.00827
1.00917
1.0091
1.01001
1.00998
1.01089
1.01089
1.00016
0.999844
1.00015
0.999847
1.00015
0.999849
1.00015
0.999852
1.00015
0.999855
1.00014
0.999859
1.00014
0.999862
1.00014
0.999866
1.00014
0.999872
1.00014
0.999878
1.00014
0.999887
1.00014
0.999898
1.00015
0.999912
1.00016
0.999929
1.00017
0.999951
1.00019
0.999977
1.00021
1.00001
1.00024
1.00005
1.00027
1.00009
1.00031
1.00015
1.00037
1.00021
1.00042
1.00028
1.00049
1.00036
1.00057
1.00045
1.00066
1.00055
1.00076
1.00066
1.00087
1.00079
1.00099
1.00092
1.00113
1.00107
1.00128
1.00123
1.00144
1.00141
1.00161
1.0016
1.0018
1.0018
1.00005
0.999952
1.00005
0.999953
1.00005
0.999955
1.00004
0.999956
1.00004
0.999958
1.00004
0.999959
1.00004
0.999961
1.00004
0.999962
1.00004
0.999964
1.00004
0.999965
1.00003
0.999967
1.00003
0.999969
1.00003
0.999971
1.00003
0.999973
1.00003
0.999976
1.00003
0.999979
1.00003
0.999982
1.00003
0.999986
1.00004
0.999991
1.00004
0.999997
1.00004
1
1.00005
1.00001
1.00005
1.00002
1.00006
1.00003
1.00007
1.00004
1.00008
1.00006
1.0001
1.00008
1.00011
1.00009
1.00013
1.00012
1.00015
1.00014
1.00017
1.00017
1.0002
1.00019
1.00023
1.00023
1.00001
0.999988
1.00001
0.999989
1.00001
0.999989
1.00001
0.99999
1.00001
0.99999
1.00001
0.999991
1.00001
0.999991
1.00001
0.999992
1.00001
0.999992
1.00001
0.999993
1.00001
0.999993
1.00001
0.999994
1.00001
0.999994
1.00001
0.999995
1.00001
0.999995
1.00001
0.999996
1.00001
0.999996
1.00001
0.999997
1.00001
0.999997
1.00001
0.999998
1.00001
0.999999
1.00001
0.999999
1.00001
1
1.00001
1
1.00001
1
1.00001
1
1.00001
1.00001
1.00001
1.00001
1.00001
1.00001
1.00001
1.00001
1.00002
1.00002
1.00002
1.00002
1.00002
1.00002
1
0.999998
1
0.999998
1
0.999998
1
0.999998
1
0.999998
1
0.999998
1
0.999999
1
0.999999
1
0.999999
1
0.999999
1
0.999999
1
0.999999
1
0.999999
1
0.999999
1
1
1
1
1
1
1
1
1
1
1
1
1
1
1
1
1
1
1
1
1
1
1
1
1
1
1
1
1
1
1
1
1
1
1
1
1
1
1
1
1
1
1
1
1
1
1
1
1
1
1
1
1
1
1
1
1
1
1
1
1
1
1
1
1
1
1
1
1
1
1
1
1
1
1
1
1
1
1
1
1
1
1
1
1
1
1
1
1
1
1
1
1
1
1
1
1
1
1
1
1
1
1
1
1
1
1
1
1
1
1
1
1
1
1
1
1
1
1
1
1
1
1
1
1
1
1
1
1
1
1
1
1
1
1
1
1
1
1
1
1
1
1
1
1
1
1
1
1
1
1
1
1
1
1
1
1
1
1
1
1
1
1
1
1
1
1
1
1
1
1
1
1
1
1
1
1
1
1
1
1
1
1
1
1
1
1
1
1
1
1
1
1
1
1
1
1
1
1
1
1
1
1
1
1
1
1
1
1
1
1
1
1
1
1
1
1
1
1
1
1
1
1
1
1
1
1
1
1
1
1
1
1
1
1
1
1
1
1
1
1
1
1
1
1
1
1
1
1
1
1
1
1
1
1
1
1
1
1
1
1
1
1
1
1
1
1
1
1
1
1
1
1
1
1
1
1
1
1
1
1
1
1
1
1
1
1
1
1
1
1
1
1
1
1
1
1
1
1
1
1
1
1
1
1
1
1
1
1
1
1
1
1
1
1
1
1
1
1
1
1
1
1
1
1
1
1
1
1
1
1
1
1
1
1
1
1
1
1
1
1
1
1
1
1
1
1
1
1
1
1
1
1
1
1
1
1
1
1
1
1
1
1
1
1
1
1
1
1
1
1
1
1
1
1
1
1
1
1
1
1
1
1
1
1
1
1
1
1
1
1
1
1
1
1
1
1
1
1
1
1
1
1
1
1
1
1
1
1
1
1
1
1
1
1
1
1
1
1
1
1
1
1
1
1
1
1
1
1
1
1
1
1
1
1
1
1
1
1
1
1
1
1
1
1
1
1
1
1
1
1
1
1
1
1
1
1
1
1
1
1
1
1
1
1
1
1
1
1
1
1
1
1
1
1
1
1
1
1
1
1
1
1
1
1
1
1
1
1
1
1
1
1
1
1
1
1
1
1
1
1
1
1
1
1
1
1
1
1
1
1
1
1
1
1
1
1
1
1
1
1
1
1
1
1
1
1
1
1
1
1
1
1
1
1
1
1
1
1
1
1
1
1
1
1
1
1
1
1
1
1
1
1
1
1
1
1
1
1
1
1
1
1
1
1
1
1
1
1
1
1
1
1
1
1
1
1
1
1
1
1
1
1
1
1
1
1
1
1
1
1
1
1
1
1
1
1
1
1
1
1
1
1
1
1
1
1
1
1
1
1
1
1
1
1
1
1
1
1
1
1
1
1
1
1
1
1
1
1
1
1
1
1
1
1
1
1
1
1
1
1
1
1
1
1
1
1
1
1
1
1
1
1
1
1
1
1
1
1
1
1
1
1
1
1
1
1
1
1
1
1
1
1
1
1
1
1
1
1
1
1
1
1
1
1
1
1
1
1
1
1
1
1
1
1
1
1
1
1
1
1
1
1
1
1
1
1
1
1
1
1
1
1
1
1
1
1
1
1
1
1
1
1
1
1
1
1
1
1
1
1
1
1
1
1
1
1
1
1
1
1
1
1
1
1
1
1
1
1
1
1
1
1
1
1
1
1
1
1
1
1
1
1
1
1
1
1
1
1
1
1
1
1
1
1
1
1
1
1
1
1
1
1
1
1
1
1
1
1
1
1
1
1
1
1
1
1
1
1
1
1
1
1
1
1
1
1
1
1
1
1
1
1
1
1
1
1
1
1
1
1
1
1
1
1
1
1
1
1
1
1
1
1
1
1
1
1
1
1
1
1
1
1
1
1
1
1
1
1
1
1
1
1
1
1
1
1
1
1
1
1
1
1
1
1
1
1
1
1
1
1
1
1
1
1
1
1
1
1
1
1
1
1
1
1
1
1
1
1
1
1
1
1
1
1
1
1
1
1
1
1
1
1
1
1
1
1
1
1
1
1
1
1
1
1
1
1
1
1
1
1
1
1
1
1
1
1
1
1
1
1
1
1
1
1
1
1
1
1
1
1
1
1
1
1
1
1
1
1
1
1
1
1
1
1
1
1
1
1
1
1
1
1
1
1
1
1
1
1
1
1
1
1
1
1
1
1
1
1
1
1
1
1
1
1
1
1
1
1
1
1
1
1
1
1
1
1
1
1
1
1
1
1
1
1
1
1
1
1
1
1
1
1
1
1
1
1
1
1
1
1
1
1
1
1
1
1
1
1
1
1
1
1
1
1
1
1
1
1
1
1
1
1
1
1
1
1
1
1
1
1
1
1
1
1
1
1
1
1
1
1
1
1
1
1
1
1
1
1
1
1
1
1
1
1
1
1
1
1
1
1
1
1
1
1
1
1
1
1
1
1
1
1
1
1
1
1
1
1
1
1
1
1
1
1
1
1
1
1
1
1
1
1
1
1
1
1
1
1
1
1
1
1
1
1
1
1
1
1
1
1
1
1
1
1
1
1
1
1
1
1
1
1
1
1
1
1
1
1
1
1
1
1
1
1
1
1
1
1
1
1
1
1
1
1
1
1
1
1
1
1
1
1
1
1
1
1
1
1
1
1
1
1
1
1
1
1
1
1
1
1
1
1
1
1
1
1
1
1
1
1
1
1
1
1
1
1
1
1
1
1
1
1
1
1
1
1
1
1
1
1
1
1
1
1
1
1
1
1
1
1
1
1
1
1
1
1
1
1
1
1
1
1
1
1
1
1
1
1
1
1
1
1
1
1
1
1
1
1
1
1
1
1
1
1
1
1
1
1
1
1
1
1
1
1
1
1
1
1
1
1
1
1
1
1
1
1
1
1
1
1
1
1
1
1
1
1
1
1
1
1
1
1
1
1
1
1
1
1
1
1
1
1
1
1
1
1
1
1
1
1
1
1
1
1
1
1
1
1
1
1
1
1
1
1
1
1
1
1
1
1
1
1
1
1
1
1
1
1
1
1
1
1
1
1
1
1
1
1
1
1
1
1
1
1
1
1
1
1
1
1
1
1
1
1
1
1
1
1
1
1
1
1
1
1
1
1
1
1
1
1
1
1
1
1
1
1
1
1
1
1
1
1
1
1
1
1
1
1
1
1
1
1
1
1
1
1
1
1
1
1
1
1
1
1
1
1
1
1
1
1
1
1
1
1
1
1
1
1
1
1
1
1
1
1
1
1
1
1
1
1
1
1
1
1
1
1
1
1
1
1
1
1
1
1
1
1
1
1
1
1
1
1
1
1
1
1
1
1
1
1
1
1
1
1
1
1
1
1
1
1
1
1
1
1
1
1
1
1
1
1
1
1
1
1
1
1
1
1
1
1
1
1
1
1
1
1
1
1
1
1
1
1
1
1
1
1
1
1
1
1
1
1
1
1
1
1
1
1
1
1
1
1
1
1
1
1
1
1
1
1
1
1
1
1
1
1
1
1
1
1
1
1
1
1
1
1
1
1
1
1
1
1
1
1
1
1
1
1
1
1
1
1
1
1
1
1
1
1
1
1
1
1
1
1
1
1
1
1
1
1
1
1
1
1
1
1
1
1
1
1
1
1
1
1
1
1
1
1
1
1
1
1
1
1
1
1
1
1
1
1
1
1
1
1
1
1
1
1
1
1
1
1
1
1
1
1
1
1
1
1
1
1
1
1
1
1
1
1
1
1
1
1
1
1
1
1
1
1
1
1
1
1
1
1
1
1
1
1
1
1
1
1
1
1
1
1
1
1
1
1
1
1
1
1
1
1
1
1
1
1
1
1
1
1
1
1
1
1
1
1
1
1
1
1
1
1
1
1
1
1
1
1
1
1
1
1
1
1
1
1
1
1
1
1
1
1
1
1
1
1
1
1
1
1
1
1
1
1
1
1
1
1
1
1
1
1
1
1
1
1
1
1
1
1
1
1
1
1
1
1
1
1
1
1
1
1
1
1
1
1
1
1
1
1
1
1
1
1
1
1
1
1
1
1
1
1
1
1
1
1
1
1
1
1
1
1
1
1
1
1
1
1
1
1
1
1
1
1
1
1
1
1
1
1
1
1
1
1
1
1
1
1
1
1
1
1
1
1
1
1
1
1
1
1
1
1
1
1
1
1
1
1
1
1
1
1
1
1
1
1
1
1
1
1
1
1
1
1
1
1
1
1
1
1
1
1
1
1
1
1
1
1
1
1
1
1
1
1
1
1
1
1
1
1
1
1
1
1
1
1
1
1
1
1
1
1
1
1
1
1
1
1
1
1
1
1
1
1
1
1
1
1
1
1
1
1
1
1
1
1
1
1
1
1
1
1
1
1
1
1
1
1
1
1
1
1
1
1
1
1
1
1
1
1
1
1
1
1
1
1
1
1
1
1
1
1
1
1
1
1
1
1
1
1
1
1
1
1
1
1
1
1
1
1
1
1
1
1
1
1
1
1
1
1
1
1
1
1
1
1
1
1
1
1
1
1
1
1
1
1
1
1
1
1
1
1
1
1
1
1
1
1
1
1
1
1
1
1
1
1
1
1
1
1
1
1
1
1
1
1
1
1
1
1
1
1
1
1
1
1
1
1
1
1
1
1
1
1
1
1
1
1
1
1
1
1
1
1
1
1
1
1
1
1
1
1
1
1
1
1
1
1
1
1
1
1
1
1
1
1
1
1
1
1
1
1
1
1
1
1
1
1
1
1
1
1
1
1
1
1
1
1
1
1
1
1
1
1
1
1
1
1
1
1
1
1
1
1
1
1
1
1
1
1
1
1
1
1
1
1
1
1
1
1
1
1
1
1
1
1
1
1
1
1
1
1
1
1
1
1
1
1
1
1
1
1
1
1
1
1
1
1
1
1
1
1
1
1
1
1
1
1
1
1
1
1
1
1
1
1
1
1
1
1
1
1
1
1
1
1
1
1
1
1
1
1
1
1
1
1
1
1
1
1
1
1
1
1
1
1
1
1
1
1
1
1
1
1
1
1
1
1
1
1
1
1
1
1
1
1
1
1
1
1
1
1
1
1
1
1
1
1
1
1
1
1
1
1
1
1
1
1
1
1
1
1
1
1
1
1
1
1
1
1
1
1
1
1
1
1
1
1
1
1
1
1
1
1
1
1
1
1
1
1
1
1
1
1
1
1
1
1
1
1
1
1
1
1
1
1
1
1
1
1
1
1
1
1
1
1
1
1
1
1
1
1
1
1
1
1
1
1
1
1
1
1
1
1
1
1
1
1
1
1
1
1
1
1
1
1
1
1
1
1
1
1
1
1
1
1
1
1
1
1
1
1
1
1
1
1
1
1
1
1
1
1
1
1
1
1
1
1
1
1
1
1
1
1
1
1
1
1
1
1
1
1
1
1
1
1
1
1
1
1
1
1
1
1
1
1
1
1
1
1
1
1
1
1
1
1
1
1
1
1
1
1
1
1
1
1
1
1
1
1
1
1
1
1
1
1
1
1
1
1
1
1
1
1
1
1
1
1
1
1
1
1
1
1
1
1
1
1
1
1
1
1
1
1
1
1
1
1
1
1
1
1
1
1
1
1
1
1
1
1
1
1
1
1
1
1
1
1
1
1
1
1
1
1
1
1
1
1
1
1
1
1
1
1
1
1
1
1
1
1
1
1
1
1
1
1
1
1
1
1
1
1
1
1
1
1
1
1
1
1
1
1
1
1
1
1
1
1
1
1
1
1
1
1
1
1
1
1
1
1
1
1
1
1
1
1
1
1
1
1
1
1
1
1
1
1
1
1
1
1
1
1
1
1
1
1
1
1
1
1
1
1
1
1
1
1
1
1
1
1
1
1
1
1
1
1
1
1
1
1
1
1
1
1
1
1
1
1
1
1
1
1
1
1
1
1
1
1
1
1
1
1
1
1
1
1
1
1
1
1
1
1
1
1
1
1
1
1
1
1
1
1
1
1
1
1
1
1
1
1
1
1
1
1
1
1
1
1
1
1
1
1
1
1
1
1
1
1
1
1
1
1
1
1
1
1
1
1
1
1
1
1
1
1
1
1
1
1
1
1
1
1
1
1
1
1
1
1
1
1
1
1
1
1
1
1
1
1
1
1
1
1
1
1
1
1
1
1
1
1
1
1
1
1
1
1
1
1
1
1
1
1
1
1
1
1
1
1
1
1
1
1
1
1
1
1
1
1
1
1
1
1
1
1
1
1
1
1
1
1
1
1
1
1
1
1
1
1
1
1
1
1
1
1
1
1
1
1
1
1
1
1
1
1
1
1
1
1
1
1
1
1
1
1
1
1
1
1
1
1
1
1
1
1
1
1
1
1
1
1
1
1
1
1
1
1
1
1
1
1
1
1
1
1
1
1
1
1
1
1
1
1
1
1
1
1
1
1
1
1
1
1
1
1
1
1
1
1
1
1
1
1
1
1
1
1
1
1
1
1
1
1
1
1
1
1
1
1
1
1
1
1
1
1
1
1
1
1
1
1
1
1
1
1
1
1
1
1
1
1
1
1
1
1
1
1
1
1
1
1
1
1
1
1
1
1
1
1
1
1
1
1
1
1
1
1
1
1
1
1
1
1
1
1
1
1
1
1
1
1
1
1
1
1
1
1
1
1
1
1
1
1
1
1
1
1
1
1
1
1
1
1
1
1
1
1
1
1
1
1
1
1
1
1
1
1
1
1
1
1
1
1
1
1
1
1
1
1
1
1
1
1
1
1
1
1
1
1
1
1
1
1
1
1
1
1
1
1
1
1
1
1
1
1
1
1
1
1
1
1
1
1
1
1
1
1
1
1
1
1
1
1
1
1
1
1
1
1
1
1
1
1
1
1
1
1
1
1
1
1
1
1
1
1
1
1
1
1
1
1
1
1
1
1
1
1
1
1
1
1
1
1
1
1
1
1
1
1
1
0.999999
1
0.999999
1
0.999999
1
0.999999
1
0.999999
1
0.999999
1
1
1
1
1
1
1
1
1
1
1
1
1
1
1
1
1
1
1
1
1
1
1
1
1
1
1
1
1
1
1
1
1
1
1
1
1
1
1
1
1
1
1
1
1
1
1
1
1
1
1
1
1
1
1
0.999996
1
0.999996
1
0.999996
1
0.999996
1
0.999996
1
0.999997
1
0.999997
1
0.999997
1
0.999997
1
0.999997
1
0.999998
1
0.999998
1
0.999998
1
0.999998
1
0.999998
1
0.999998
1
0.999998
1
0.999998
1
0.999999
1
0.999999
1
0.999998
1
0.999998
1
0.999998
1
0.999998
1
0.999998
0.999999
0.999997
0.999999
0.999997
0.999998
0.999996
0.999997
0.999995
0.999996
0.999994
0.999995
0.999993
0.999993
0.999992
0.999992
0.99999
0.99999
0.999984
1.00002
0.999984
1.00002
0.999985
1.00002
0.999985
1.00002
0.999985
1.00001
0.999986
1.00001
0.999986
1.00001
0.999987
1.00001
0.999987
1.00001
0.999987
1.00001
0.999988
1.00001
0.999988
1.00001
0.999988
1.00001
0.999988
1.00001
0.999988
1.00001
0.999988
1.00001
0.999987
1.00001
0.999986
1
0.999985
1
0.999983
0.999999
0.999981
0.999996
0.999979
0.999992
0.999975
0.999988
0.999971
0.999983
0.999966
0.999977
0.999961
0.99997
0.999954
0.999962
0.999947
0.999953
0.999939
0.999944
0.999929
0.999933
0.999918
0.999921
0.999907
0.999908
0.999893
0.999893
0.999953
1.00005
0.999954
1.00005
0.999954
1.00005
0.999955
1.00005
0.999955
1.00005
0.999955
1.00004
0.999956
1.00004
0.999956
1.00004
0.999955
1.00004
0.999954
1.00004
0.999952
1.00003
0.99995
1.00003
0.999945
1.00002
0.999939
1.00001
0.999931
1
0.999921
0.999991
0.999908
0.999975
0.999893
0.999956
0.999874
0.999934
0.999852
0.999909
0.999826
0.999879
0.999797
0.999846
0.999764
0.999809
0.999726
0.999767
0.999684
0.999721
0.999638
0.999671
0.999588
0.999616
0.999532
0.999556
0.999472
0.999491
0.999407
0.999422
0.999338
0.999347
0.999264
0.999268
0.999185
0.999185
0.999897
1.0001
0.999897
1.0001
0.999897
1.0001
0.999896
1.0001
0.999894
1.0001
0.99989
1.00009
0.999882
1.00008
0.999868
1.00007
0.999847
1.00004
0.999817
1.00001
0.999777
0.999961
0.999724
0.999902
0.999659
0.99983
0.99958
0.999743
0.999487
0.999642
0.999378
0.999525
0.999254
0.999393
0.999115
0.999245
0.99896
0.99908
0.998789
0.998901
0.998602
0.998706
0.998401
0.998495
0.998185
0.99827
0.997955
0.998031
0.997711
0.997778
0.997453
0.997512
0.997183
0.997234
0.996901
0.996943
0.996607
0.996641
0.996303
0.996328
0.995988
0.996005
0.995664
0.995672
0.99533
0.99533
0.99983
1.00017
0.999828
1.00017
0.999822
1.00016
0.999798
1.00013
0.99974
1.00005
0.999636
0.999925
0.999476
0.999739
0.999255
0.99949
0.998969
0.999175
0.998617
0.998796
0.998201
0.998352
0.997723
0.997849
0.997186
0.997289
0.996595
0.996677
0.995954
0.996017
0.995268
0.995314
0.994541
0.994573
0.993777
0.993797
0.992981
0.992991
0.992157
0.992159
0.991309
0.991304
0.99044
0.99043
0.989553
0.989539
0.988651
0.988636
0.987738
0.987721
0.986815
0.986799
0.985885
0.985869
0.98495
0.984935
0.984011
0.983999
0.98307
0.983061
0.982129
0.982122
0.981189
0.981185
0.98025
0.98025
0.999774
1.00023
0.999765
1.00012
0.9995
0.999681
0.99885
0.998835
0.997799
0.997605
0.996386
0.99604
0.994669
0.994203
0.99271
0.992153
0.990565
0.989944
0.988284
0.98762
0.985908
0.98522
0.983472
0.982774
0.981002
0.980307
0.978521
0.977837
0.976045
0.975379
0.973586
0.972945
0.971156
0.970543
0.96876
0.968179
0.966405
0.965858
0.964094
0.963583
0.96183
0.961355
0.959613
0.959177
0.957446
0.957049
0.955328
0.954971
0.95326
0.952941
0.951239
0.950961
0.949266
0.949028
0.94734
0.947141
0.945459
0.9453
0.943623
0.943504
0.94183
0.94175
0.940078
0.940038
0.938367
0.938367
0.999854
1.00015
0.997972
0.99565
0.991679
0.988185
0.983467
0.979566
0.974649
0.970731
0.965891
0.962146
0.957509
0.954018
0.949633
0.946422
0.942297
0.939365
0.935487
0.932818
0.92917
0.926742
0.923301
0.921093
0.917837
0.915829
0.912736
0.910909
0.907961
0.906299
0.903479
0.901966
0.89926
0.897884
0.895277
0.894028
0.891509
0.890376
0.887936
0.886911
0.88454
0.883615
0.881305
0.880476
0.878219
0.877479
0.875269
0.874614
0.872444
0.871871
0.869736
0.869241
0.867135
0.866715
0.864635
0.864288
0.862227
0.861951
0.859906
0.859701
0.857666
0.85753
0.855503
0.855435
0.85341
0.85341
1.0191
0.980898
0.949806
0.925538
0.905074
0.88897
0.874782
0.863557
0.853161
0.844932
0.836895
0.830569
0.824053
0.818987
0.813494
0.8093
0.804527
0.800966
0.796721
0.793641
0.789799
0.787099
0.783576
0.781185
0.777923
0.775791
0.772744
0.770834
0.767969
0.766252
0.763542
0.761995
0.759418
0.758024
0.755563
0.754305
0.751944
0.75081
0.748537
0.747517
0.74532
0.744405
0.742274
0.741456
0.739384
0.738657
0.736635
0.735993
0.734014
0.733454
0.731512
0.731029
0.729119
0.72871
0.726825
0.726488
0.724625
0.724356
0.722509
0.722309
0.720474
0.720341
0.718512
0.718446
0.71662
0.71662
0
0.715791
0.693102
0.675393
0.66046
0.648708
0.638355
0.630164
0.622577
0.616572
0.610707
0.606091
0.601336
0.597639
0.593631
0.590571
0.587087
0.584489
0.581391
0.579143
0.57634
0.574369
0.571799
0.570054
0.567673
0.566118
0.563894
0.562501
0.56041
0.559157
0.557179
0.556051
0.55417
0.553153
0.551356
0.550439
0.548716
0.547889
0.54623
0.545485
0.543882
0.543214
0.54166
0.541063
0.53955
0.53902
0.537544
0.537076
0.535632
0.535223
0.533806
0.533454
0.53206
0.531761
0.530386
0.53014
0.52878
0.528584
0.527237
0.52709
0.525751
0.525654
0.52432
0.524271
0.522939
0
