0
0.99925
0.989651
0.970533
0.942071
0.904537
0.858294
0.803787
0.741543
0.672159
0.596303
0.514399
0.427913
0.337337
0.243517
0.147365
0.0498063
-0.0482174
-0.145758
-0.242303
-0.33624
-0.426972
-0.513581
-0.595258
-0.671204
-0.740696
-0.80306
-0.857701
-0.904089
-0.94178
-0.970411
-0.989707
-0.999482
-0.999641
-0.990184
-0.971201
-0.942875
-0.905479
-0.859372
-0.804998
-0.74288
-0.673616
-0.597872
-0.516377
-0.429914
-0.339317
-0.245456
-0.149234
-0.0515781
0.0465735
0.144276
0.240589
0.334587
0.425365
0.512049
0.593806
0.669849
0.739446
0.801929
0.856695
0.903217
0.941049
0.969826
0.989271
0.999198
0
0.99925
0.99925
0.989651
0.970533
0.942071
0.904537
0.858294
0.803787
0.741543
0.672159
0.596303
0.514703
0.428232
0.337614
0.243746
0.147523
0.0498701
-0.0482775
-0.14598
-0.242303
-0.33624
-0.426972
-0.513581
-0.595258
-0.671204
-0.740696
-0.80306
-0.857701
-0.904089
-0.94178
-0.970411
-0.989707
-0.999482
-0.999641
-0.990184
-0.971201
-0.942875
-0.905479
-0.859372
-0.804998
-0.74288
-0.673616
-0.597872
-0.516377
-0.429914
-0.339317
-0.245456
-0.149234
-0.0515781
0.0465735
0.144276
0.240589
0.334587
0.425365
0.512049
0.593806
0.669849
0.739446
0.801929
0.856695
0.903217
0.941049
0.969826
0.989271
0.999198
0.99951
0.989636
0.989636
0.98013
0.961198
0.933013
0.895845
0.850054
0.796081
0.734449
0.665752
0.590652
0.509874
0.424199
0.334426
0.241433
0.146108
0.0493735
-0.0478405
-0.144596
-0.239959
-0.333007
-0.422858
-0.508637
-0.589526
-0.664742
-0.733564
-0.795329
-0.849443
-0.895385
-0.932713
-0.961068
-0.980178
-0.989858
-0.990015
-0.980649
-0.961848
-0.933794
-0.896757
-0.851093
-0.797242
-0.735721
-0.667123
-0.592107
-0.511396
-0.425765
-0.336039
-0.243081
-0.147785
-0.0510675
0.04614
0.142903
0.23829
0.331383
0.421288
0.507138
0.588109
0.66342
0.732348
0.794229
0.848468
0.894543
0.932011
0.960511
0.97977
0.989601
0.98991
0.970499
0.970499
0.961178
0.942616
0.914982
0.878539
0.83364
0.780719
0.720286
0.652923
0.579277
0.500055
0.416017
0.32797
0.236766
0.14328
0.0484146
-0.046917
-0.141797
-0.235313
-0.326564
-0.414676
-0.498797
-0.578121
-0.651882
-0.719373
-0.779943
-0.83301
-0.878063
-0.914669
-0.942475
-0.961215
-0.970707
-0.970861
-0.961675
-0.943237
-0.915725
-0.879404
-0.834622
-0.781811
-0.72148
-0.654207
-0.580641
-0.50149
-0.417515
-0.329523
-0.238361
-0.144908
-0.0500602
0.0452681
0.14016
0.233703
0.324997
0.413163
0.497354
0.576759
0.650614
0.718209
0.778894
0.832084
0.877268
0.914012
0.941961
0.960847
0.970488
0.970791
0.942024
0.942024
0.932979
0.914966
0.888148
0.852779
0.809203
0.757838
0.699179
0.633791
0.5623
0.485395
0.403817
0.31835
0.22982
0.139077
0.0469963
-0.045537
-0.137632
-0.228404
-0.316979
-0.402505
-0.484158
-0.561154
-0.632751
-0.698262
-0.757054
-0.808564
-0.852295
-0.887827
-0.914817
-0.933006
-0.94222
-0.942368
-0.933451
-0.915554
-0.888848
-0.853592
-0.810124
-0.758862
-0.7003
-0.635
-0.563592
-0.486763
-0.40525
-0.31984
-0.231352
-0.14064
-0.0485747
0.0439572
0.136066
0.226864
0.31548
0.40106
0.48278
0.559856
0.631544
0.697156
0.75606
0.80769
0.851549
0.887214
0.914343
0.932675
0.942033
0.942327
0.904484
0.904484
0.895802
0.878511
0.852767
0.818812
0.776975
0.727657
0.671334
0.608547
0.539902
0.466058
0.387728
0.305667
0.220664
0.133538
0.0451266
-0.0437194
-0.132145
-0.2193
-0.304346
-0.386463
-0.464863
-0.538792
-0.607536
-0.670436
-0.726887
-0.776344
-0.818332
-0.852448
-0.878363
-0.895827
-0.904673
-0.904816
-0.896254
-0.879069
-0.853428
-0.819576
-0.777839
-0.728619
-0.67239
-0.609692
-0.541128
-0.467359
-0.389094
-0.307086
-0.222124
-0.135026
-0.0466284
0.0422168
0.130655
0.217836
0.302921
0.385091
0.463556
0.53756
0.606392
0.669389
0.725946
0.775519
0.81763
0.851874
0.877922
0.895523
0.904508
0.904791
0.85824
0.85824
0.850005
0.833603
0.809179
0.776963
0.737266
0.690469
0.637023
0.577443
0.512305
0.442235
0.367909
0.290043
0.209386
0.126713
0.0428213
-0.0414832
-0.125389
-0.208089
-0.288788
-0.366708
-0.441101
-0.511251
-0.576482
-0.636167
-0.689732
-0.736662
-0.776504
-0.808876
-0.833467
-0.850038
-0.858432
-0.858568
-0.850443
-0.834136
-0.809805
-0.777683
-0.738079
-0.691375
-0.638019
-0.578525
-0.513466
-0.443467
-0.369202
-0.291385
-0.210765
-0.128119
-0.0442395
0.0400647
0.123983
0.206708
0.287443
0.365413
0.439867
0.510088
0.575401
0.635178
0.688844
0.735882
0.77584
0.808333
0.83305
0.849751
0.858277
0.858545
0.803737
0.803737
0.796029
0.780673
0.757804
0.727636
0.69046
0.646633
0.596579
0.540781
0.479777
0.414156
0.34455
0.271627
0.196091
0.118668
0.0401015
-0.038851
-0.11743
-0.194881
-0.270456
-0.343431
-0.413101
-0.478798
-0.539888
-0.595785
-0.64595
-0.689901
-0.727214
-0.757532
-0.780561
-0.796081
-0.803942
-0.804068
-0.796459
-0.781188
-0.758401
-0.728318
-0.691227
-0.647487
-0.597518
-0.541801
-0.480871
-0.415315
-0.345764
-0.272887
-0.197385
-0.119984
-0.04143
0.0375225
0.116113
0.193586
0.269197
0.342216
0.411943
0.477706
0.538872
0.594853
0.645111
0.689163
0.726583
0.757013
0.78016
0.795801
0.803785
0.804036
0.7415
0.7415
0.734392
0.720229
0.699135
0.671305
0.637007
0.596573
0.550393
0.498914
0.442633
0.382092
0.317874
0.250597
0.180908
0.109477
0.0369927
-0.0358488
-0.108346
-0.179802
-0.249528
-0.316855
-0.381133
-0.441746
-0.498108
-0.549679
-0.595962
-0.636511
-0.670937
-0.698908
-0.720155
-0.734474
-0.741727
-0.741843
-0.734823
-0.720733
-0.69971
-0.671954
-0.637735
-0.59738
-0.551277
-0.499872
-0.443657
-0.383175
-0.319007
-0.25177
-0.182111
-0.110701
-0.0382265
0.034615
0.107123
0.178599
0.248357
0.315724
0.380053
0.440725
0.497156
0.548804
0.595171
0.635811
0.670334
0.698408
0.719763
0.734192
0.741559
0.74179
0.672127
0.672127
0.665687
0.652855
0.633738
0.608513
0.577424
0.540771
0.49891
0.452246
0.401229
0.346351
0.288139
0.227154
0.163982
0.099231
0.0335244
-0.0325058
-0.0982242
-0.162999
-0.226206
-0.287237
-0.345506
-0.400451
-0.451544
-0.498293
-0.540249
-0.577007
-0.608214
-0.63357
-0.652831
-0.665811
-0.672385
-0.672491
-0.666127
-0.653355
-0.634297
-0.609136
-0.578116
-0.541533
-0.499741
-0.453142
-0.402183
-0.347356
-0.289187
-0.228236
-0.165091
-0.100358
-0.03466
0.0313704
0.0970981
0.161891
0.225125
0.286192
0.344505
0.399503
0.450656
0.497472
0.539502
0.576341
0.607635
0.633083
0.652439
0.665519
0.672196
0.672406
0.596286
0.596286
0.590576
0.579197
0.562241
0.539864
0.512283
0.479765
0.442627
0.401227
0.355965
0.307276
0.25563
0.201523
0.145475
0.0880267
0.0297298
-0.0288545
-0.0871623
-0.144633
-0.200713
-0.254862
-0.306561
-0.355311
-0.400643
-0.442122
-0.479347
-0.511961
-0.53965
-0.562147
-0.579236
-0.590752
-0.596586
-0.59668
-0.591033
-0.579701
-0.562791
-0.540467
-0.512944
-0.480486
-0.443406
-0.402061
-0.356848
-0.308202
-0.256592
-0.202514
-0.146488
-0.0890544
-0.0307648
0.0278198
0.0861355
0.143621
0.199724
0.253904
0.30564
0.354435
0.399818
0.441354
0.478642
0.511325
0.539088
0.561665
0.578838
0.590441
0.596365
0.596551
0.514706
0.514706
0.509782
0.499965
0.485333
0.46602
0.442212
0.414143
0.382084
0.346346
0.307274
0.265244
0.22066
0.173951
0.125566
0.075972
0.0256452
-0.02493
-0.0752669
-0.124881
-0.173295
-0.220043
-0.264674
-0.306761
-0.345897
-0.381705
-0.413842
-0.441999
-0.465903
-0.485325
-0.500078
-0.510021
-0.515057
-0.515138
-0.510263
-0.500479
-0.485881
-0.466609
-0.442847
-0.414826
-0.382814
-0.34712
-0.308087
-0.26609
-0.221535
-0.174849
-0.126482
-0.0768996
-0.0265783
0.0239972
0.0743404
0.123967
0.172399
0.219171
0.263833
0.305955
0.345132
0.380988
0.413176
0.441389
0.465355
0.484843
0.499666
0.509682
0.514796
0.514956
0.428172
0.428172
0.42408
0.415921
0.403755
0.387691
0.367886
0.344535
0.317864
0.288132
0.255626
0.220658
0.183564
0.144703
0.104446
0.0631831
0.0213099
-0.0207702
-0.0626523
-0.103933
-0.144216
-0.183112
-0.220249
-0.255267
-0.28783
-0.317625
-0.344366
-0.367793
-0.387683
-0.403844
-0.41612
-0.424393
-0.428583
-0.42865
-0.424594
-0.416453
-0.404307
-0.38827
-0.368499
-0.345184
-0.318548
-0.288848
-0.25637
-0.221426
-0.184354
-0.145509
-0.105265
-0.0640102
-0.022141
0.0199395
0.0618264
0.103117
0.143413
0.182327
0.219486
0.254531
0.287125
0.316955
0.343734
0.367205
0.387143
0.403355
0.415686
0.424019
0.428272
0.428406
0.337517
0.337517
0.334297
0.327874
0.31829
0.305631
0.29002
0.271612
0.250585
0.227145
0.201517
0.173947
0.144701
0.11406
0.0823186
0.0497828
0.0167657
-0.016415
-0.04944
-0.0819913
-0.113756
-0.144427
-0.173711
-0.201325
-0.227003
-0.250498
-0.271584
-0.290059
-0.305743
-0.318487
-0.328168
-0.334691
-0.337996
-0.338049
-0.33485
-0.328431
-0.318852
-0.306207
-0.290616
-0.27223
-0.251225
-0.227805
-0.202194
-0.17464
-0.145406
-0.114775
-0.0830412
-0.0505103
-0.0174954
0.0156858
0.0487139
0.0812711
0.113044
0.143727
0.173025
0.200656
0.226354
0.249872
0.270984
0.289488
0.305205
0.317986
0.327707
0.334275
0.337628
0.337733
0.243612
0.243612
0.241296
0.236671
0.229762
0.220629
0.209363
0.196074
0.180895
0.163972
0.145468
0.125561
0.104443
0.0823172
0.059396
0.0359003
0.0120564
-0.0119063
-0.0357569
-0.0592659
-0.0822068
-0.104359
-0.125509
-0.145453
-0.163999
-0.180969
-0.196199
-0.209543
-0.220872
-0.230076
-0.237068
-0.24178
-0.244167
-0.244205
-0.241895
-0.237258
-0.23034
-0.221206
-0.209945
-0.196665
-0.181495
-0.164579
-0.146081
-0.12618
-0.105066
-0.0829429
-0.0600239
-0.0365296
-0.0126861
0.011277
0.0351291
0.0586406
0.0815851
0.103742
0.124898
0.144849
0.163404
0.180384
0.195627
0.208985
0.220331
0.229557
0.236573
0.241314
0.243734
0.243811
0.147362
0.147362
0.145972
0.143189
0.139022
0.133504
0.12669
0.11865
0.109464
0.0992205
0.0880187
0.0759662
0.0631791
0.0497804
0.0358992
0.0216691
0.00722731
-0.00728718
-0.0217345
-0.0359755
-0.0498729
-0.0632929
-0.0761061
-0.0881892
-0.0994256
-0.109707
-0.118935
-0.12702
-0.133884
-0.139461
-0.143697
-0.146553
-0.147999
-0.148022
-0.146622
-0.143813
-0.139621
-0.134087
-0.127264
-0.119218
-0.110026
-0.0997773
-0.0885702
-0.0765129
-0.0637214
-0.0503189
-0.0364347
-0.0222024
-0.0077592
0.00675585
0.0212029
0.0354429
0.0493386
0.0627563
0.0755668
0.087647
0.0988807
0.10916
0.118386
0.126471
0.133337
0.138919
0.143164
0.146031
0.147495
0.147541
0.0496923
0.0496923
0.0492418
0.0483286
0.0469439
0.045094
0.0427986
0.040084
0.0369787
0.0335133
0.0297211
0.0256386
0.0213051
0.0167624
0.0120544
0.00722642
0.00232516
-0.00260203
-0.00750757
-0.012344
-0.0170647
-0.021624
-0.0259777
-0.0300839
-0.0339029
-0.0373976
-0.0405344
-0.043283
-0.0456166
-0.0475129
-0.0489534
-0.0499243
-0.0504161
-0.0504241
-0.0499482
-0.048993
-0.0475678
-0.0456862
-0.0433666
-0.0406313
-0.0375068
-0.0340232
-0.0302142
-0.0261166
-0.0217701
-0.0172167
-0.0125002
-0.00766641
-0.00276192
0.00216589
0.00706941
0.0119013
0.016615
0.0211649
0.0255074
0.0296005
0.033405
0.0368845
0.0400057
0.042739
0.0450587
0.0469434
0.0483758
0.049343
0.0498366
0.0498522
-0.0484573
-0.0484573
-0.0479639
-0.0469982
-0.0455871
-0.0437509
-0.0415055
-0.0388685
-0.035863
-0.0325173
-0.0288636
-0.0249372
-0.0207756
-0.016419
-0.011909
-0.0072888
-0.00260276
0.00210427
0.00678723
0.0114013
0.0159023
0.0202472
0.0243943
0.028304
0.0319389
0.0352642
0.0382481
0.040862
0.0430809
0.0448836
0.0462528
0.0471755
0.0476427
0.0476501
0.0471976
0.0462894
0.0449344
0.0431454
0.0409395
0.038338
0.0353657
0.032051
0.0284257
0.0245244
0.0203846
0.0160458
0.0115495
0.0069388
0.00225786
-0.00244852
-0.00713526
-0.0117575
-0.0162708
-0.020632
-0.0247991
-0.0287321
-0.032393
-0.0357466
-0.0387602
-0.0414044
-0.0436532
-0.0454839
-0.046878
-0.0478207
-0.0483022
-0.0483173
-0.146142
-0.146142
-0.14471
-0.141874
-0.13768
-0.132176
-0.125411
-0.117448
-0.10836
-0.0982359
-0.0871717
-0.0752744
-0.0626582
-0.0494444
-0.0357601
-0.0217367
-0.00750888
0.00678664
0.0210126
0.0350323
0.0487113
0.061918
0.0745257
0.0864133
0.0974666
0.10758
0.116655
0.124606
0.131356
0.13684
0.141006
0.143813
0.145235
0.145257
0.143881
0.141118
0.136996
0.131554
0.124844
0.116931
0.107891
0.0978099
0.0867856
0.0749235
0.0623375
0.0491486
0.0354833
0.0214729
0.00725206
-0.00704278
-0.0212743
-0.0353057
-0.0490022
-0.0622322
-0.0748684
-0.0867894
-0.0978804
-0.108035
-0.117154
-0.12515
-0.131946
-0.137474
-0.141681
-0.144525
-0.145977
-0.146023
-0.242423
-0.242423
-0.240065
-0.235386
-0.22845
-0.219329
-0.20811
-0.194897
-0.179816
-0.16301
-0.144642
-0.124889
-0.103939
-0.081996
-0.0592694
-0.0359781
-0.0123458
0.0114002
0.0350319
0.058322
0.0810467
0.102988
0.123934
0.143685
0.16205
0.178853
0.193933
0.207144
0.218359
0.227472
0.234394
0.239058
0.241421
0.241459
0.239171
0.234581
0.227731
0.218689
0.20754
0.194392
0.179371
0.162621
0.144304
0.124596
0.103685
0.0817736
0.0590712
0.0357964
0.0121729
-0.0115725
-0.0352114
-0.0585166
-0.0812641
-0.103235
-0.124219
-0.144013
-0.162427
-0.179284
-0.194421
-0.207692
-0.218969
-0.228142
-0.235122
-0.239839
-0.242248
-0.242324
-0.336373
-0.336373
-0.333111
-0.326635
-0.317022
-0.304373
-0.288808
-0.270473
-0.249542
-0.226217
-0.200722
-0.173303
-0.144222
-0.113761
-0.0822107
-0.0498758
-0.0170668
0.0159009
0.0487104
0.0810464
0.112598
0.143062
0.172145
0.199569
0.225068
0.248399
0.269338
0.287681
0.303255
0.315908
0.325519
0.331996
0.335277
0.335329
0.332153
0.325779
0.316268
0.303712
0.288232
0.269975
0.249118
0.225862
0.200429
0.173064
0.14403
0.113607
0.0820866
0.0497717
0.0169732
-0.0159938
-0.0488123
-0.0811667
-0.112746
-0.143247
-0.172375
-0.199852
-0.225412
-0.248809
-0.269818
-0.288236
-0.303886
-0.316616
-0.326301
-0.332847
-0.336189
-0.336294
-0.427089
-0.427089
-0.422955
-0.414742
-0.402546
-0.38649
-0.366728
-0.343446
-0.316868
-0.287248
-0.254872
-0.22005
-0.183119
-0.144432
-0.104363
-0.063296
-0.0216263
0.0202455
0.0619168
0.102987
0.143062
0.181755
0.218695
0.253527
0.285916
0.31555
0.342145
0.365445
0.385226
0.401297
0.413505
0.421732
0.425899
0.425966
0.421932
0.413836
0.401755
0.385807
0.366144
0.342955
0.316463
0.286923
0.25462
0.219862
0.182985
0.144343
0.104308
0.0632646
0.021607
-0.0202641
-0.061946
-0.103038
-0.143145
-0.181882
-0.218875
-0.253769
-0.286228
-0.315941
-0.34262
-0.366008
-0.38588
-0.402044
-0.414341
-0.422652
-0.426896
-0.427029
-0.513697
-0.513697
-0.508731
-0.49886
-0.484197
-0.464888
-0.441119
-0.413116
-0.381146
-0.345516
-0.30657
-0.264682
-0.220255
-0.173716
-0.125513
-0.0761093
-0.0259802
0.0243925
0.0745244
0.123933
0.172145
0.218695
0.263136
0.305041
0.344006
0.379658
0.411654
0.439686
0.463484
0.482819
0.497506
0.507404
0.512417
0.512498
0.507644
0.497904
0.48337
0.464183
0.440527
0.412629
0.380757
0.345219
0.306355
0.26454
0.220175
0.173687
0.125523
0.0761455
0.02603
-0.0243419
-0.0744859
-0.12392
-0.172168
-0.218768
-0.263269
-0.305246
-0.344292
-0.380034
-0.412125
-0.440259
-0.464162
-0.483604
-0.498395
-0.508392
-0.513496
-0.513657
-0.595364
-0.595364
-0.589613
-0.57818
-0.56119
-0.538815
-0.511268
-0.478812
-0.441757
-0.400461
-0.355319
-0.306768
-0.255273
-0.201329
-0.145457
-0.0881923
-0.0300864
0.0283021
0.0864119
0.143684
0.199568
0.253526
0.30504
0.353615
0.398782
0.440109
0.477197
0.50969
0.537276
0.559689
0.576715
0.588188
0.593999
0.594092
0.588466
0.577175
0.560328
0.538087
0.510666
0.478327
0.441383
0.400188
0.355139
0.306668
0.255242
0.201355
0.145526
0.0882907
0.0301999
-0.0281879
-0.0863113
-0.143611
-0.199537
-0.25355
-0.305132
-0.353786
-0.399044
-0.440471
-0.477667
-0.510274
-0.537978
-0.560512
-0.577655
-0.589242
-0.595157
-0.595343
-0.671305
-0.671305
-0.664824
-0.651938
-0.632785
-0.607558
-0.576497
-0.539901
-0.498119
-0.451553
-0.400651
-0.345903
-0.287836
-0.227007
-0.164003
-0.0994287
-0.0339053
0.031937
0.0974652
0.162049
0.225068
0.285915
0.344006
0.398782
0.449717
0.49632
0.538144
0.574786
0.605894
0.631169
0.650368
0.663306
0.669859
0.669964
0.66362
0.650888
0.631889
0.606808
0.575885
0.539418
0.497757
0.451302
0.400501
0.345842
0.28785
0.227083
0.164126
0.0995836
0.0340767
-0.0317649
-0.0973081
-0.161923
-0.224987
-0.285895
-0.34406
-0.398924
-0.449957
-0.49667
-0.538613
-0.575381
-0.60662
-0.632027
-0.651358
-0.664422
-0.671092
-0.671302
-0.74079
-0.74079
-0.733641
-0.719425
-0.698293
-0.670456
-0.636181
-0.595796
-0.549689
-0.498301
-0.442129
-0.381711
-0.31763
-0.250502
-0.180973
-0.10971
-0.0373999
0.0352624
0.107578
0.178852
0.248399
0.315549
0.379658
0.440109
0.49632
0.547751
0.593908
0.634346
0.668677
0.69657
0.717758
0.732037
0.739269
0.739385
0.732383
0.718332
0.697365
0.669686
0.635559
0.595314
0.549336
0.498069
0.442005
0.381684
0.317684
0.250623
0.181144
0.109916
0.0376233
-0.0350383
-0.10737
-0.178677
-0.248273
-0.315489
-0.379678
-0.440224
-0.496542
-0.548092
-0.594377
-0.634952
-0.669425
-0.697463
-0.718794
-0.733211
-0.740572
-0.740803
-0.803148
-0.803148
-0.7954
-0.779991
-0.757083
-0.726904
-0.689745
-0.64596
-0.59597
-0.540256
-0.479353
-0.413848
-0.34437
-0.271588
-0.196202
-0.118937
-0.0405365
0.0382464
0.116654
0.193932
0.269337
0.342144
0.411654
0.477197
0.538144
0.593907
0.643953
0.687798
0.725021
0.755264
0.778237
0.793719
0.80156
0.801686
0.794094
0.778859
0.756126
0.726115
0.689113
0.645477
0.595627
0.54004
0.479253
0.41385
0.344459
0.271748
0.196416
0.119188
0.0408058
-0.0379765
-0.116401
-0.193714
-0.269172
-0.342049
-0.411645
-0.477289
-0.53835
-0.594241
-0.644424
-0.688415
-0.72579
-0.756188
-0.779316
-0.794947
-0.802927
-0.803178
-0.857781
-0.857781
-0.849508
-0.833054
-0.80859
-0.77636
-0.736673
-0.689909
-0.636518
-0.577013
-0.511966
-0.442003
-0.367797
-0.290062
-0.209546
-0.127022
-0.0432848
0.0408605
0.124605
0.207143
0.287681
0.365444
0.439685
0.50969
0.574786
0.634346
0.687797
0.734627
0.774384
0.806687
0.831224
0.847759
0.856134
0.856268
0.84816
0.831888
0.807608
0.775553
0.736033
0.689426
0.636182
0.576812
0.511886
0.442031
0.367917
0.290256
0.209796
0.127311
0.0435937
-0.040551
-0.124314
-0.206889
-0.287483
-0.36532
-0.439651
-0.509763
-0.574979
-0.634673
-0.68827
-0.735254
-0.775172
-0.807639
-0.83234
-0.849035
-0.857558
-0.857826
-0.904162
-0.904162
-0.895444
-0.878103
-0.852319
-0.818346
-0.776513
-0.727221
-0.670943
-0.608219
-0.539654
-0.465906
-0.387686
-0.305746
-0.220874
-0.133886
-0.0456182
0.0430796
0.131355
0.218359
0.303254
0.385225
0.463483
0.537276
0.605894
0.668677
0.725021
0.774384
0.816293
0.850343
0.876208
0.893638
0.902466
0.902608
0.894061
0.876908
0.851314
0.817525
0.775866
0.726737
0.670612
0.608029
0.539591
0.465956
0.387831
0.305969
0.221156
0.134207
0.0459604
-0.0427369
-0.131031
-0.218074
-0.303028
-0.385076
-0.463428
-0.537332
-0.606077
-0.669
-0.725496
-0.775021
-0.817098
-0.85132
-0.877357
-0.894955
-0.903939
-0.904222
-0.941848
-0.941848
-0.932767
-0.914705
-0.887847
-0.85246
-0.808884
-0.757537
-0.698912
-0.633574
-0.56215
-0.485328
-0.403846
-0.318489
-0.230078
-0.139462
-0.0475141
0.0448826
0.136839
0.227471
0.315907
0.401297
0.482819
0.559689
0.631169
0.69657
0.755264
0.806687
0.850343
0.885814
0.912757
0.930914
0.940111
0.940258
0.931355
0.913486
0.886825
0.851627
0.80823
0.757052
0.698586
0.633393
0.562101
0.485394
0.404011
0.318735
0.230385
0.13981
0.0478831
-0.0445131
-0.13649
-0.227162
-0.315658
-0.401128
-0.482747
-0.559733
-0.631343
-0.69689
-0.755741
-0.807331
-0.851162
-0.886811
-0.913934
-0.932265
-0.941624
-0.941918
-0.970469
-0.970469
-0.961116
-0.942507
-0.914835
-0.878373
-0.833472
-0.780565
-0.720158
-0.652833
-0.579238
-0.50008
-0.416121
-0.328169
-0.237069
-0.143699
-0.0489543
0.0462521
0.141005
0.234393
0.325519
0.413505
0.497506
0.576714
0.650368
0.717758
0.778237
0.831224
0.876208
0.912757
0.94052
0.959229
0.968705
0.968857
0.959683
0.941271
0.913799
0.87753
0.832814
0.78008
0.719835
0.65266
0.579199
0.50016
0.416302
0.328432
0.237395
0.144066
0.0493435
-0.0458624
-0.140636
-0.234066
-0.325253
-0.413321
-0.497422
-0.576748
-0.650536
-0.718075
-0.778716
-0.831874
-0.877038
-0.913771
-0.941718
-0.960607
-0.970251
-0.970554
-0.989762
-0.989762
-0.98022
-0.961243
-0.933022
-0.895835
-0.850042
-0.796083
-0.734475
-0.665812
-0.590753
-0.510022
-0.424393
-0.334692
-0.241781
-0.146553
-0.0499248
0.0471751
0.143812
0.239058
0.331996
0.421732
0.507404
0.588188
0.663306
0.732037
0.793719
0.847759
0.893638
0.930914
0.959229
0.978311
0.987976
0.98813
0.978774
0.959996
0.931977
0.894987
0.849381
0.795598
0.734155
0.665644
0.590722
0.51011
0.424585
0.334967
0.242119
0.146934
0.0503277
-0.0467718
-0.14343
-0.238718
-0.331719
-0.421538
-0.507312
-0.588216
-0.663471
-0.732353
-0.794199
-0.848414
-0.894476
-0.931939
-0.960442
-0.979707
-0.989543
-0.989852
-0.999447
-0.999522
-0.989895
-0.970731
-0.942233
-0.904679
-0.858434
-0.803942
-0.741727
-0.672385
-0.596586
-0.515057
-0.428583
-0.337996
-0.244167
-0.147999
-0.0504162
0.0476426
0.145234
0.241421
0.335277
0.425899
0.512417
0.593999
0.669859
0.739269
0.80156
0.856134
0.902466
0.940111
0.968706
0.987976
0.997736
0.997892
0.988443
0.96948
0.941184
0.903828
0.857772
0.803458
0.741408
0.67222
0.596558
0.51515
0.42878
0.338277
0.244512
0.148387
0.050826
-0.0472325
-0.144846
-0.241074
-0.334994
-0.4257
-0.512321
-0.594024
-0.670022
-0.739584
-0.802042
-0.856792
-0.903309
-0.941142
-0.969927
-0.989383
-0.999316
-0.999628
-0.999593
-0.999668
-0.990046
-0.970881
-0.942379
-0.90482
-0.858568
-0.804067
-0.741842
-0.67249
-0.596678
-0.515137
-0.42865
-0.338048
-0.244205
-0.148022
-0.0504238
0.0476504
0.145257
0.241459
0.335329
0.425966
0.512498
0.594092
0.669964
0.739385
0.801686
0.856268
0.902608
0.940258
0.968857
0.98813
0.997892
0.998048
0.988598
0.969631
0.941331
0.90397
0.857906
0.803584
0.741524
0.672325
0.596651
0.515231
0.428847
0.33833
0.24455
0.14841
0.0508339
-0.04724
-0.144868
-0.241112
-0.335046
-0.425767
-0.512402
-0.594117
-0.670127
-0.739701
-0.802168
-0.856927
-0.903451
-0.941291
-0.970081
-0.98954
-0.999475
-0.999788
-0.990124
-0.990197
-0.980672
-0.961691
-0.933459
-0.896256
-0.850441
-0.796457
-0.73482
-0.666125
-0.591031
-0.510261
-0.424593
-0.334849
-0.241894
-0.146622
-0.0499475
0.0471981
0.143881
0.239172
0.332153
0.421932
0.507645
0.588466
0.66362
0.732383
0.794094
0.84816
0.894061
0.931355
0.959683
0.978774
0.988443
0.988598
0.979237
0.96045
0.932418
0.89541
0.849783
0.795975
0.734503
0.665959
0.591001
0.510352
0.424786
0.335125
0.242234
0.147004
0.0503513
-0.0467942
-0.143498
-0.238831
-0.331876
-0.421738
-0.507553
-0.588495
-0.663786
-0.732701
-0.794577
-0.848818
-0.894902
-0.932384
-0.960902
-0.980178
-0.99002
-0.990329
-0.971131
-0.971202
-0.961864
-0.943249
-0.915559
-0.879069
-0.834133
-0.781184
-0.720729
-0.653351
-0.579697
-0.500477
-0.416451
-0.328429
-0.237257
-0.143812
-0.0489919
0.0462903
0.141119
0.234581
0.32578
0.413836
0.497904
0.577176
0.650888
0.718332
0.778859
0.831888
0.876908
0.913486
0.941271
0.959996
0.96948
0.969631
0.96045
0.942024
0.914529
0.878231
0.833479
0.780703
0.720411
0.653181
0.579662
0.50056
0.416635
0.328694
0.237585
0.144181
0.0493827
-0.0458995
-0.140749
-0.234253
-0.325514
-0.413652
-0.497821
-0.577211
-0.651058
-0.718652
-0.779342
-0.832543
-0.877743
-0.914507
-0.942479
-0.961386
-0.97104
-0.971343
-0.942796
-0.942864
-0.933803
-0.915733
-0.888852
-0.853426
-0.8098
-0.758395
-0.699704
-0.634291
-0.562787
-0.485877
-0.404304
-0.31885
-0.230338
-0.139619
-0.0475664
0.0449355
0.136997
0.227732
0.316269
0.401756
0.483371
0.560329
0.63189
0.697366
0.756127
0.807608
0.851314
0.886825
0.913799
0.931977
0.941184
0.941331
0.932418
0.914529
0.887837
0.852599
0.809153
0.757917
0.699384
0.634116
0.562743
0.485949
0.404473
0.319099
0.230647
0.13997
0.0479374
-0.0445645
-0.136646
-0.227422
-0.31602
-0.401587
-0.4833
-0.560374
-0.632067
-0.697689
-0.756609
-0.808258
-0.852141
-0.887833
-0.914989
-0.933345
-0.942718
-0.943013
-0.905392
-0.905456
-0.896758
-0.879408
-0.853593
-0.819572
-0.777677
-0.72831
-0.671947
-0.60913
-0.540462
-0.466604
-0.388267
-0.306203
-0.221204
-0.134085
-0.0456845
0.0431468
0.131555
0.21869
0.303713
0.385808
0.464184
0.538088
0.606809
0.669686
0.726115
0.775553
0.817525
0.851627
0.87753
0.894987
0.903828
0.90397
0.89541
0.878232
0.852599
0.818759
0.777037
0.727834
0.671624
0.608947
0.540406
0.466659
0.388416
0.30643
0.221489
0.13441
0.0460293
-0.0428021
-0.13123
-0.218404
-0.303487
-0.385659
-0.46413
-0.538146
-0.606995
-0.670014
-0.726597
-0.776198
-0.81834
-0.852617
-0.878697
-0.896326
-0.905328
-0.905611
-0.859278
-0.859339
-0.851087
-0.834622
-0.810122
-0.777834
-0.738072
-0.691219
-0.637726
-0.578108
-0.512938
-0.442842
-0.368495
-0.290612
-0.209942
-0.127261
-0.0433646
0.0409412
0.124845
0.207541
0.288233
0.366144
0.440527
0.510666
0.575886
0.63556
0.689114
0.736033
0.775866
0.80823
0.832814
0.849381
0.857772
0.857907
0.849783
0.833479
0.809153
0.777037
0.737441
0.690745
0.637399
0.577915
0.512866
0.442877
0.36862
0.290811
0.210198
0.127554
0.0436766
-0.0406293
-0.124553
-0.207286
-0.288034
-0.366021
-0.440495
-0.510741
-0.576084
-0.635893
-0.689594
-0.73667
-0.776666
-0.809198
-0.833951
-0.850684
-0.859228
-0.859497
-0.804898
-0.804955
-0.797228
-0.781807
-0.758858
-0.728613
-0.691366
-0.647478
-0.59737
-0.541525
-0.480479
-0.41482
-0.345179
-0.272225
-0.196662
-0.119215
-0.040629
0.0383399
0.116932
0.194393
0.269976
0.342956
0.412629
0.478328
0.539418
0.595314
0.645478
0.689426
0.726737
0.757053
0.78008
0.795598
0.803458
0.803584
0.795975
0.780703
0.757917
0.727834
0.690745
0.647006
0.597037
0.541319
0.480388
0.41483
0.345275
0.272392
0.196881
0.11947
0.0409019
-0.0380672
-0.116678
-0.194175
-0.269812
-0.342862
-0.412623
-0.478423
-0.53963
-0.595655
-0.645958
-0.690055
-0.727521
-0.757995
-0.781183
-0.796858
-0.804863
-0.805114
-0.742777
-0.742829
-0.7357
-0.721471
-0.700294
-0.672382
-0.638009
-0.597508
-0.551267
-0.499732
-0.443398
-0.382807
-0.318542
-0.251221
-0.181491
-0.110023
-0.0375043
0.0353677
0.107892
0.179372
0.249119
0.316464
0.380758
0.441383
0.497757
0.549337
0.595627
0.636182
0.670612
0.698586
0.719835
0.734155
0.741408
0.741525
0.734503
0.720411
0.699384
0.671624
0.637399
0.597037
0.550927
0.499511
0.443285
0.382789
0.318604
0.251348
0.181668
0.110234
0.0377317
-0.0351405
-0.107682
-0.179196
-0.248994
-0.316405
-0.380781
-0.441502
-0.497985
-0.549686
-0.596107
-0.636801
-0.671376
-0.6995
-0.7209
-0.735367
-0.742755
-0.742987
-0.673506
-0.673553
-0.667095
-0.654194
-0.634992
-0.609683
-0.578514
-0.541789
-0.499861
-0.453132
-0.402052
-0.347112
-0.288842
-0.2278
-0.164575
-0.099774
-0.0340205
0.0320531
0.0978115
0.162622
0.225863
0.286924
0.345219
0.400188
0.451302
0.498069
0.54004
0.576812
0.608029
0.633393
0.65266
0.665644
0.67222
0.672325
0.665959
0.653182
0.634117
0.608947
0.577915
0.541319
0.499511
0.452893
0.401913
0.347061
0.288865
0.227884
0.164705
0.0999345
0.0341964
-0.0318776
-0.0976521
-0.162495
-0.225782
-0.286905
-0.345276
-0.400334
-0.45155
-0.498429
-0.540521
-0.577421
-0.608773
-0.634275
-0.653681
-0.666801
-0.673502
-0.673712
-0.597807
-0.597807
-0.592072
-0.580624
-0.563582
-0.541118
-0.513454
-0.480859
-0.443646
-0.402172
-0.356838
-0.308079
-0.256363
-0.202189
-0.146077
-0.0885668
-0.0302115
0.0284278
0.0867871
0.144305
0.20043
0.25462
0.306356
0.355139
0.400501
0.442005
0.479253
0.511886
0.539591
0.562101
0.579199
0.590722
0.596558
0.596652
0.591002
0.579662
0.562743
0.540406
0.512866
0.480389
0.443285
0.401913
0.35667
0.30799
0.256342
0.202223
0.146153
0.0886712
0.0303299
-0.0283098
-0.086684
-0.144231
-0.200399
-0.254646
-0.306451
-0.355316
-0.40077
-0.442377
-0.479736
-0.512486
-0.540313
-0.562949
-0.580174
-0.591821
-0.59777
-0.597957
-0.516308
-0.516308
-0.511354
-0.501468
-0.48675
-0.467348
-0.443455
-0.415303
-0.383163
-0.347344
-0.308192
-0.266082
-0.22142
-0.174634
-0.126175
-0.0765094
-0.0261139
0.0245265
0.0749249
0.124597
0.173065
0.219862
0.26454
0.306668
0.345841
0.381684
0.41385
0.442031
0.465956
0.485394
0.50016
0.51011
0.51515
0.515231
0.510352
0.50056
0.485949
0.466659
0.442877
0.41483
0.382789
0.347061
0.30799
0.265952
0.22135
0.174614
0.126193
0.0765521
0.026169
-0.0244719
-0.0748838
-0.124582
-0.173089
-0.219937
-0.264677
-0.306879
-0.346136
-0.38207
-0.414335
-0.442622
-0.466656
-0.486207
-0.501086
-0.511148
-0.516288
-0.516449
-0.429843
-0.429843
-0.425718
-0.417489
-0.405235
-0.389082
-0.369189
-0.345751
-0.318994
-0.289175
-0.256581
-0.221526
-0.184347
-0.1454
-0.105061
-0.0637179
-0.0217675
0.0203865
0.0623388
0.103686
0.144031
0.182985
0.220175
0.255242
0.28785
0.317684
0.344459
0.367916
0.387831
0.404011
0.416302
0.424585
0.42878
0.428847
0.424786
0.416635
0.404473
0.388417
0.368621
0.345275
0.318605
0.288865
0.256343
0.22135
0.184224
0.145321
0.105015
0.0636934
0.0217538
-0.0204008
-0.062365
-0.103736
-0.144115
-0.183114
-0.220359
-0.255491
-0.288171
-0.318087
-0.344949
-0.368499
-0.388509
-0.404787
-0.417178
-0.425558
-0.429839
-0.429973
-0.339242
-0.339242
-0.335987
-0.329493
-0.319822
-0.307073
-0.291373
-0.272874
-0.251757
-0.228225
-0.202503
-0.17484
-0.145501
-0.114769
-0.0829383
-0.0503155
-0.0172142
0.0160475
0.0491496
0.0817741
0.113607
0.144343
0.173687
0.201355
0.227083
0.250622
0.271748
0.290256
0.305968
0.318735
0.328432
0.334967
0.338277
0.33833
0.335126
0.328695
0.319099
0.306431
0.290812
0.272392
0.251349
0.227885
0.202224
0.174615
0.145321
0.114626
0.0828229
0.0502187
0.0171264
-0.0161359
-0.0492484
-0.081893
-0.113756
-0.14453
-0.173921
-0.201645
-0.227436
-0.251045
-0.272244
-0.290831
-0.306625
-0.319474
-0.329257
-0.335874
-0.339256
-0.339362
-0.245378
-0.245378
-0.243025
-0.238328
-0.231333
-0.22211
-0.210753
-0.197372
-0.182099
-0.165079
-0.146478
-0.126473
-0.105258
-0.0830354
-0.0600195
-0.0364315
-0.012498
0.0115509
0.035484
0.0590714
0.0820864
0.104308
0.125522
0.145525
0.164125
0.181143
0.196415
0.209796
0.221155
0.230384
0.237395
0.242119
0.244512
0.244551
0.242234
0.237585
0.230648
0.22149
0.210199
0.196882
0.181669
0.164706
0.146154
0.126194
0.105016
0.0828233
0.0598303
0.0362574
0.0123312
-0.0117184
-0.0356603
-0.0592645
-0.082304
-0.104558
-0.125811
-0.14586
-0.164512
-0.181587
-0.196921
-0.210366
-0.221791
-0.231088
-0.238168
-0.24296
-0.24541
-0.245487
-0.149154
-0.149154
-0.147725
-0.144871
-0.140619
-0.135011
-0.128106
-0.119972
-0.110689
-0.100347
-0.0890445
-0.0768911
-0.0640033
-0.0505048
-0.0365255
-0.0221995
-0.00766453
0.00693983
0.0214733
0.0357962
0.0497711
0.0632636
0.0761443
0.0882894
0.0995823
0.109915
0.119187
0.12731
0.134207
0.13981
0.144066
0.146934
0.148387
0.14841
0.147004
0.144182
0.139971
0.134411
0.127556
0.119471
0.110235
0.099936
0.0886727
0.0765534
0.0636945
0.0502196
0.0362579
0.0219436
0.00741408
-0.00719108
-0.0217316
-0.0360679
-0.0500623
-0.0635803
-0.076492
-0.0886734
-0.100007
-0.110384
-0.119704
-0.127877
-0.134824
-0.140479
-0.144789
-0.147709
-0.149204
-0.14925
-0.0514952
-0.0514952
-0.0510043
-0.0500206
-0.0485517
-0.0466135
-0.0442274
-0.0414187
-0.0382157
-0.0346498
-0.0307556
-0.0265705
-0.0221346
-0.0174904
-0.0126824
-0.00775673
-0.0027605
0.0022584
0.00725188
0.0121721
0.016972
0.0216055
0.0260284
0.0301981
0.0340749
0.0376216
0.0408042
0.0435923
0.0459592
0.0478822
0.0493429
0.0503273
0.050826
0.0508342
0.0503518
0.0493835
0.0479385
0.0460306
0.0436782
0.0409036
0.0377336
0.0341984
0.0303318
0.0261709
0.0217555
0.0171279
0.0123323
0.00741469
0.0024221
-0.00259766
-0.00759655
-0.0125267
-0.0173409
-0.021993
-0.0264384
-0.0306344
-0.0345405
-0.0381191
-0.0413355
-0.0441582
-0.0465602
-0.0485192
-0.0500174
-0.0510378
-0.0515629
-0.0515789
0.0466586
0.0466586
0.0462061
0.0453102
0.0439817
0.0422321
0.0400762
0.0375327
0.0346246
0.0313794
0.0278278
0.0240041
0.0199451
0.01569
0.01128
0.00675769
0.0021667
-0.00244858
-0.00704356
-0.0115738
-0.0159956
-0.0202661
-0.0243441
-0.0281902
-0.0317672
-0.0350405
-0.0379785
-0.0405527
-0.0427384
-0.0445143
-0.0458632
-0.0467723
-0.0472326
-0.0472397
-0.0467935
-0.0458985
-0.0445631
-0.0428004
-0.0406274
-0.038065
-0.0351382
-0.0318751
-0.0283073
-0.0244694
-0.0203984
-0.0161337
-0.0117166
-0.00718972
-0.0025969
0.00201746
0.00660875
0.0111326
0.0155453
0.0198042
0.0238682
0.0276982
0.0312574
0.0345117
0.03743
0.0399847
0.042151
0.043907
0.0452348
0.0461236
0.0465731
0.0465877
0.144363
0.144363
0.142971
0.140204
0.136091
0.130671
0.123994
0.116122
0.107131
0.0971054
0.086142
0.0743459
0.0618308
0.0487171
0.0351312
0.0212039
0.00706942
-0.00713608
-0.0212758
-0.0352134
-0.0488147
-0.0619487
-0.0744888
-0.0863142
-0.0973109
-0.107373
-0.116404
-0.124316
-0.131033
-0.136491
-0.140637
-0.143431
-0.144846
-0.144868
-0.143498
-0.140748
-0.136645
-0.131228
-0.12455
-0.116675
-0.107679
-0.097649
-0.0866808
-0.0748805
-0.0623619
-0.0492454
-0.0356576
-0.0217294
-0.00759487
0.00660968
0.0207474
0.0346822
0.0482797
0.061409
0.0739436
0.0857631
0.0967536
0.10681
0.115835
0.123742
0.130456
0.13591
0.140051
0.142841
0.14426
0.144305
0.240678
0.240678
0.23836
0.233749
0.226891
0.217852
0.206718
0.193594
0.178605
0.161896
0.143626
0.123971
0.103119
0.0812729
0.0586413
0.0354427
0.0119003
-0.0117592
-0.0353081
-0.0585195
-0.08117
-0.103042
-0.123923
-0.143615
-0.161926
-0.178681
-0.193717
-0.206892
-0.218076
-0.227164
-0.234067
-0.238719
-0.241075
-0.241112
-0.23883
-0.234252
-0.22742
-0.218402
-0.207283
-0.194171
-0.179192
-0.162491
-0.144227
-0.124578
-0.103731
-0.081889
-0.0592607
-0.0360646
-0.0125239
0.0111346
0.0346833
0.0578953
0.0805472
0.102421
0.123306
0.143002
0.161318
0.178079
0.193125
0.206309
0.217506
0.226606
0.233519
0.238182
0.240558
0.240634
0.334677
0.334677
0.331455
0.325044
0.315507
0.302937
0.287452
0.269202
0.248361
0.225128
0.199726
0.172401
0.143414
0.113044
0.0815841
0.0493369
0.0166125
-0.0162738
-0.0490057
-0.0812681
-0.11275
-0.143149
-0.172173
-0.199541
-0.224991
-0.248277
-0.269176
-0.287486
-0.30303
-0.31566
-0.325254
-0.331719
-0.334994
-0.335046
-0.331875
-0.325512
-0.316018
-0.303484
-0.288031
-0.269808
-0.24899
-0.225777
-0.200394
-0.173083
-0.144109
-0.113751
-0.0822991
-0.0500577
-0.0173368
0.0155486
0.0482821
0.0805486
0.112037
0.142446
0.171481
0.198863
0.224329
0.247635
0.268556
0.286891
0.302463
0.31512
0.32474
0.331232
0.334541
0.334646
0.425455
0.425455
0.42136
0.413211
0.401088
0.385106
0.365421
0.34222
0.315725
0.286192
0.253903
0.21917
0.182325
0.143724
0.103739
0.0627525
0.0211607
-0.0206367
-0.0622372
-0.103241
-0.143252
-0.181887
-0.218773
-0.253555
-0.285899
-0.315494
-0.342053
-0.365323
-0.385079
-0.40113
-0.413322
-0.421539
-0.4257
-0.425766
-0.421737
-0.41365
-0.401584
-0.385655
-0.366016
-0.342857
-0.3164
-0.286899
-0.254639
-0.219931
-0.183108
-0.144524
-0.104551
-0.0635743
-0.0219874
0.0198091
0.061413
0.102424
0.142447
0.181098
0.218004
0.25281
0.285182
0.314808
0.341403
0.364712
0.384509
0.400603
0.412836
0.421094
0.425305
0.425437
0.512139
0.512139
0.50721
0.497402
0.482808
0.46357
0.439873
0.411944
0.380052
0.344502
0.305636
0.263828
0.21948
0.173019
0.124891
0.0755604
0.0255007
-0.024806
-0.0748755
-0.124226
-0.172382
-0.218882
-0.263276
-0.305138
-0.344066
-0.379684
-0.411649
-0.439655
-0.463432
-0.48275
-0.497424
-0.507313
-0.512321
-0.512401
-0.507551
-0.497819
-0.483297
-0.464126
-0.44049
-0.412617
-0.380775
-0.345269
-0.306443
-0.26467
-0.220351
-0.173913
-0.125803
-0.0764843
-0.0264311
0.0238749
0.0739495
0.123311
0.171484
0.218006
0.262428
0.304323
0.343289
0.378951
0.410965
0.439023
0.462856
0.482231
0.49696
0.506904
0.511975
0.512135
0.593895
0.593895
0.58818
0.576806
0.559883
0.537573
0.510093
0.477705
0.440721
0.399496
0.354427
0.305946
0.254521
0.200646
0.144839
0.0876371
0.0295906
-0.0287419
-0.0867991
-0.144022
-0.199861
-0.253778
-0.305254
-0.353794
-0.398931
-0.44023
-0.477294
-0.509767
-0.537336
-0.559736
-0.57675
-0.588217
-0.594024
-0.594116
-0.588493
-0.577208
-0.56037
-0.538141
-0.510735
-0.478416
-0.441495
-0.400326
-0.355307
-0.30687
-0.255481
-0.201635
-0.145851
-0.0886638
-0.0306251
0.0277069
0.085771
0.143008
0.198869
0.252814
0.304326
0.352908
0.398093
0.439448
0.476573
0.509111
0.536749
0.559219
0.576302
0.587836
0.593719
0.593905
0.669936
0.669936
0.663489
0.650659
0.631569
0.606404
0.575404
0.538868
0.497148
0.450645
0.399806
0.345119
0.287111
0.22634
0.16339
0.0988666
0.0333912
-0.0324066
-0.0978935
-0.16244
-0.225424
-0.28624
-0.344303
-0.399054
-0.449966
-0.49655
-0.538357
-0.574985
-0.606081
-0.631347
-0.650539
-0.663472
-0.670022
-0.670126
-0.663783
-0.651055
-0.632062
-0.606989
-0.576077
-0.539622
-0.497976
-0.45154
-0.40076
-0.346125
-0.28816
-0.227424
-0.164501
-0.0999954
-0.0345291
0.0312683
0.0967639
0.161327
0.224338
0.285188
0.343294
0.398096
0.449067
0.495716
0.537595
0.5743
0.605478
0.630826
0.650099
0.663112
0.66975
0.669959
0.73953
0.73953
0.732415
0.718252
0.697179
0.669398
0.635178
0.594847
0.548792
0.497458
0.441337
0.38097
0.316936
0.249853
0.180365
0.109141
0.0368659
-0.0357647
-0.108052
-0.1793
-0.248825
-0.315956
-0.380047
-0.440483
-0.496682
-0.548102
-0.59425
-0.634681
-0.669006
-0.696895
-0.718079
-0.732355
-0.739585
-0.7397
-0.732699
-0.718648
-0.697684
-0.670008
-0.635886
-0.595646
-0.549676
-0.498418
-0.442366
-0.382057
-0.318074
-0.251031
-0.181574
-0.11037
-0.0381054
0.0345251
0.106823
0.178091
0.247646
0.314817
0.378959
0.439454
0.495719
0.547215
0.593445
0.633964
0.668382
0.696364
0.71764
0.732007
0.739337
0.739568
0.802008
0.802008
0.794292
0.778933
0.756079
0.725952
0.68884
0.645101
0.595155
0.539483
0.478621
0.413153
0.34371
0.27096
0.195602
0.118361
0.0399815
-0.0387836
-0.117176
-0.194442
-0.269838
-0.342639
-0.412143
-0.477683
-0.538628
-0.594391
-0.644435
-0.688281
-0.725504
-0.755748
-0.778721
-0.794203
-0.802043
-0.802168
-0.794575
-0.779338
-0.756604
-0.72659
-0.689586
-0.645948
-0.596096
-0.540509
-0.479723
-0.414321
-0.344934
-0.272229
-0.196905
-0.119688
-0.0413192
0.0374462
0.115851
0.19314
0.26857
0.341416
0.410977
0.476583
0.537603
0.59345
0.643586
0.687529
0.724854
0.755202
0.778277
0.793859
0.801809
0.802059
0.856768
0.856768
0.848525
0.832117
0.807704
0.775519
0.735873
0.689147
0.63579
0.576316
0.511298
0.44136
0.367175
0.289457
0.208954
0.12644
0.0427086
-0.041434
-0.125179
-0.207719
-0.288262
-0.366032
-0.440282
-0.510295
-0.5754
-0.634969
-0.68843
-0.735268
-0.775032
-0.80734
-0.831882
-0.84842
-0.856795
-0.856929
-0.848817
-0.83254
-0.808254
-0.776191
-0.736662
-0.690045
-0.63679
-0.577408
-0.512472
-0.442606
-0.368482
-0.290813
-0.210347
-0.127858
-0.0441389
0.0400043
0.123762
0.206329
0.28691
0.36473
0.439041
0.509127
0.574314
0.633974
0.687535
0.734478
0.774353
0.806774
0.831425
0.848073
0.856566
0.856834
0.903283
0.903283
0.894592
0.877294
0.851554
0.817622
0.775823
0.72656
0.670306
0.607603
0.539053
0.465317
0.387104
0.305167
0.220292
0.133298
0.0450208
-0.0436901
-0.131981
-0.219003
-0.303919
-0.385911
-0.464191
-0.538005
-0.606644
-0.669447
-0.72581
-0.77519
-0.817113
-0.851175
-0.877048
-0.894484
-0.903314
-0.903454
-0.894903
-0.877742
-0.852137
-0.818334
-0.776658
-0.72751
-0.671364
-0.608759
-0.540297
-0.466638
-0.38849
-0.306604
-0.221769
-0.134801
-0.0465363
0.0421757
0.130482
0.217532
0.302488
0.384535
0.462881
0.536773
0.6055
0.6684
0.724869
0.774362
0.816402
0.850583
0.876574
0.894127
0.903082
0.903364
0.941102
0.941102
0.932048
0.914025
0.887208
0.851854
0.808305
0.756978
0.698368
0.633039
0.561619
0.484794
0.403306
0.317936
0.229507
0.138869
0.046895
-0.0455311
-0.13752
-0.228186
-0.316657
-0.402083
-0.483641
-0.560546
-0.632059
-0.697492
-0.756215
-0.807663
-0.851341
-0.886829
-0.913785
-0.931951
-0.941151
-0.941296
-0.932386
-0.914507
-0.887829
-0.85261
-0.809189
-0.757983
-0.699485
-0.634258
-0.562929
-0.486185
-0.404763
-0.319448
-0.23106
-0.140449
-0.0484867
0.0439412
0.135946
0.226642
0.315158
0.400641
0.482268
0.559255
0.630861
0.696396
0.755229
0.806795
0.850596
0.886209
0.913289
0.931577
0.940908
0.941201
0.969861
0.969861
0.960529
0.941956
0.914319
0.877884
0.833003
0.780107
0.719705
0.652378
0.578774
0.499601
0.415621
0.327641
0.236508
0.143099
0.0483122
-0.0469398
-0.141741
-0.235179
-0.326356
-0.414393
-0.498444
-0.577701
-0.6514
-0.718833
-0.779351
-0.832372
-0.877385
-0.913957
-0.941737
-0.960458
-0.969939
-0.970088
-0.960905
-0.942478
-0.914985
-0.878689
-0.833939
-0.781167
-0.72088
-0.653657
-0.580147
-0.501055
-0.417143
-0.329218
-0.238126
-0.144743
-0.0499686
0.0452862
0.140105
0.233575
0.324797
0.412894
0.497017
0.576358
0.650153
0.717691
0.778323
0.831466
0.876606
0.913308
0.941216
0.960064
0.96968
0.969983
0.989284
0.989284
0.979765
0.960819
0.932628
0.895464
0.849683
0.795727
0.734114
0.665437
0.590357
0.509597
0.423933
0.334189
0.24123
0.145948
0.0492614
-0.0479001
-0.144602
-0.239913
-0.332917
-0.422719
-0.508455
-0.5893
-0.664476
-0.733261
-0.794991
-0.849074
-0.894989
-0.932295
-0.960631
-0.979726
-0.989397
-0.989548
-0.980181
-0.961384
-0.933339
-0.896314
-0.850666
-0.796834
-0.735337
-0.666765
-0.591779
-0.511099
-0.425503
-0.335815
-0.242895
-0.14764
-0.050965
0.0461994
0.142919
0.238262
0.331313
0.421175
0.506985
0.587916
0.663189
0.732082
0.793929
0.848136
0.894181
0.931619
0.960087
0.979313
0.989122
0.989431
0.999193
0.999193
0.989579
0.970443
0.941969
0.904432
0.858192
0.803695
0.741464
0.672098
0.596265
0.514695
0.428172
0.337528
0.243635
0.147398
0.0497416
-0.0483945
-0.146066
-0.242333
-0.33627
-0.426973
-0.513569
-0.595225
-0.671155
-0.740629
-0.802979
-0.857604
-0.903979
-0.941658
-0.970279
-0.989565
-0.999332
-0.999484
-0.990024
-0.971035
-0.942712
-0.905309
-0.859197
-0.804821
-0.742703
-0.673441
-0.597701
-0.516212
-0.429757
-0.339169
-0.245317
-0.149109
-0.0514668
0.0466706
0.144359
0.240658
0.334641
0.425404
0.512074
0.593816
0.669845
0.739428
0.801896
0.856647
0.903154
0.940967
0.96972
0.98914
0.999047
0.99936
0
0.999506
0.989888
0.970746
0.942264
0.904715
0.85846
0.803946
0.741695
0.672308
0.596452
0.514856
0.428305
0.337633
0.243712
0.147444
0.0497572
-0.0484096
-0.146112
-0.242409
-0.336375
-0.427106
-0.513729
-0.595411
-0.671365
-0.74086
-0.80323
-0.857872
-0.904262
-0.941952
-0.970582
-0.989874
-0.999644
-0.999797
-0.990333
-0.971339
-0.943006
-0.905527
-0.859405
-0.805016
-0.742884
-0.673605
-0.597846
-0.516337
-0.429861
-0.339251
-0.245377
-0.149156
-0.0514828
0.0466852
0.144404
0.240733
0.334745
0.425537
0.512234
0.594002
0.670054
0.739659
0.802146
0.856914
0.903436
0.941261
0.970023
0.989449
0.99936
0
