-0.0490625
0.0490625
0.147187
0.245312
0.343438
0.441563
0.539687
0.637813
0.735938
0.834063
0.932188
1.03031
1.12844
1.22656
1.32469
1.42281
1.52094
1.61906
1.71719
1.81531
1.91344
2.01156
2.10969
2.20781
2.30594
2.40406
2.50219
2.60031
2.69844
2.79656
2.89469
2.99281
3.09094
3.18906
3.28719
3.38531
3.48344
3.58156
3.67969
3.77781
3.87594
3.97406
4.07219
4.17031
4.26844
4.36656
4.46469
4.56281
4.66094
4.75906
4.85719
4.95531
5.05344
5.15156
5.24969
5.34781
5.44594
5.54406
5.64219
5.74031
5.83844
5.93656
6.03469
6.13281
6.23094
6.32906
