-0.0122656
0.0122656
0.0367969
0.0613281
0.0858594
0.110391
0.134922
0.159453
0.183984
0.208516
0.233047
0.257578
0.282109
0.306641
0.331172
0.355703
0.380234
0.404766
0.429297
0.453828
0.478359
0.502891
0.527422
0.551953
0.576484
0.601016
0.625547
0.650078
0.674609
0.699141
0.723672
0.748203
0.772734
0.797266
0.821797
0.846328
0.870859
0.895391
0.919922
0.944453
0.968984
0.993516
1.01805
1.04258
1.06711
1.09164
1.11617
1.1407
1.16523
1.18977
1.2143
1.23883
1.26336
1.28789
1.31242
1.33695
1.36148
1.38602
1.41055
1.43508
1.45961
1.48414
1.50867
1.5332
1.55773
1.58227
1.6068
1.63133
1.65586
1.68039
1.70492
1.72945
1.75398
1.77852
1.80305
1.82758
1.85211
1.87664
1.90117
1.9257
1.95023
1.97477
1.9993
2.02383
2.04836
2.07289
2.09742
2.12195
2.14648
2.17102
2.19555
2.22008
2.24461
2.26914
2.29367
2.3182
2.34273
2.36727
2.3918
2.41633
2.44086
2.46539
2.48992
2.51445
2.53898
2.56352
2.58805
2.61258
2.63711
2.66164
2.68617
2.7107
2.73523
2.75977
2.7843
2.80883
2.83336
2.85789
2.88242
2.90695
2.93148
2.95602
2.98055
3.00508
3.02961
3.05414
3.07867
3.1032
3.12773
3.15227
3.1768
3.20133
3.22586
3.25039
3.27492
3.29945
3.32398
3.34852
3.37305
3.39758
3.42211
3.44664
3.47117
3.4957
3.52023
3.54477
3.5693
3.59383
3.61836
3.64289
3.66742
3.69195
3.71648
3.74102
3.76555
3.79008
3.81461
3.83914
3.86367
3.8882
3.91273
3.93727
3.9618
3.98633
4.01086
4.03539
4.05992
4.08445
4.10898
4.13352
4.15805
4.18258
4.20711
4.23164
4.25617
4.2807
4.30523
4.32977
4.3543
4.37883
4.40336
4.42789
4.45242
4.47695
4.50148
4.52602
4.55055
4.57508
4.59961
4.62414
4.64867
4.6732
4.69773
4.72227
4.7468
4.77133
4.79586
4.82039
4.84492
4.86945
4.89398
4.91852
4.94305
4.96758
4.99211
5.01664
5.04117
5.0657
5.09023
5.11477
5.1393
5.16383
5.18836
5.21289
5.23742
5.26195
5.28648
5.31102
5.33555
5.36008
5.38461
5.40914
5.43367
5.4582
5.48273
5.50727
5.5318
5.55633
5.58086
5.60539
5.62992
5.65445
5.67898
5.70352
5.72805
5.75258
5.77711
5.80164
5.82617
5.8507
5.87523
5.89977
5.9243
5.94883
5.97336
5.99789
6.02242
6.04695
6.07148
6.09602
6.12055
6.14508
6.16961
6.19414
6.21867
6.2432
6.26773
6.29227
